% Model:              RWGS_demo_CeO2_cycle2_H2.mph
% Version:            COMSOL 5.6.0.341
% Date:               Jun 28 2022, 11:31
% Dimension:          1
% Nodes:              1386
% Expressions:        1
% Description:        Dependent variable u2
% X                       u2 (1) @ t=446.73
0                         0.11699421886554422
1.0106389363155493E-5     0.11689556304686538
2.0404507952446597E-5     0.11679540375634126
3.0897993080352014E-5     0.11669372407684654
4.159055106313618E-5      0.11659050707747103
5.248595852992239E-5      0.11648573583674424
6.358806375660837E-5      0.1163793934499322
7.490078802507985E-5      0.1162714630365248
8.642812700821763E-5      0.116161927747916
9.817415218117173E-5      0.11605077077528111
1.1014301225941769E-4     0.11593797535764078
1.2233893466408478E-4     0.11582352479011662
1.347662270150932E-4      0.11570740243237382
1.4742927865260753E-4     0.11558959171724638
1.6033256218736384E-4     0.11547007615955013
1.734806350803981E-4      0.11534883936506986
1.868781412527545E-4      0.11522586503972296
2.0052981272572078E-4     0.11510113699889885
2.1444047129218845E-4     0.11497463917696259
2.286150302197191E-4      0.11484635563692336
2.4305849598591723E-4     0.11471627058026324
2.577759700467249E-4      0.1145843683569164
2.7277265063826804E-4     0.11445063347539906
2.8805383461287775E-4     0.11431505061308067
3.0362491930995233E-4     0.11417760462658771
3.194914044623004E-4      0.1140382805623405
3.3565889413866205E-4     0.11389706366720864
3.521330987230691E-4      0.11375393939928093
3.6891983693176727E-4     0.11360889343874062
3.860250378683926E-4      0.11346191169883851
4.034547431181436E-4      0.11331298033695347
4.212151088816756E-4      0.11316208576573525
4.3931240814948575E-4     0.11300921466431146
4.577530329175384E-4      0.11285435398955901
4.7654349644493264E-4     0.11269749098742238
4.956904355543938E-4      0.11253861320427042
5.152006129764119E-4      0.11237770849828015
5.350809197378479E-4      0.11221476505083783
5.553383775958558E-4      0.11204977137794013
5.759801415179802E-4      0.11188271634159092
5.970135022093011E-4      0.11171358916117452
6.184458886875241E-4      0.1115423794247947
6.402848709069204E-4      0.11136907710056869
6.625381624320483E-4      0.11119367254785911
6.852136231621974E-4      0.11101615652843161
7.083192621075152E-4      0.11083652021752524
7.318632402178076E-4      0.11065475521481966
7.558538732649938E-4      0.11047085355528637
7.802996347802566E-4      0.11028480771990706
8.052091590469014E-4      0.1100966106462487
8.30591244150007E-4       0.10990625573887566
8.564548550839145E-4      0.1097137368795869
8.82809126918689E-4       0.10951904843746224
9.096633680266289E-4      0.10932218527870333
9.370270633700102E-4      0.10912314277625301
9.649098778511818E-4      0.10892191681917932
9.933216597262328E-4      0.10871850382180895
0.0010222724440834042     0.1085129007325934
0.0010517724563875073     0.10830510504269714
0.0010818321160915663     0.1080951147942871
0.0011124620403169952     0.10788292858851567
0.0011436730476035732     0.10766854559317653
0.0011754761617305807     0.10745196555002472
0.0012078826156104062     0.1072331887817416
0.0012409038552560392     0.10701221619853882
0.0012745515438238114     0.1067890493043798
0.0013088375657328527     0.10656369020281015
0.0013437740308626775     0.10633614160238708
0.001379373278830424      0.10610640682168938
0.0014156478833492168     0.10587448979390314
0.0014526106566692355     0.10564039507096837
0.0014902746541030096     0.10540412782727537
0.001528653178636588      0.10516569386290639
0.001567759785628165      0.10492509960640622
0.0016076082875958668     0.10468235211707788
0.001648212759096342      0.10443745908679529
0.0016895875416959344     0.10419042884132168
0.00173174724903613       0.1039412703411326
0.0017747067719951367     0.10368999318173308
0.0018184812839473516     0.1034366075934669
0.0018630862461226372     0.10318112444081048
0.001908537413067235      0.10292355522115246
0.0019548508382083176     0.10266391206305112
0.002002042879524067      0.10240220772397024
0.0020501302053213557     0.10213845558749328
0.002099129800123006      0.10187266966001114
0.0021490589706667624     0.10160486456689025
0.0021999353520180506     0.10133505554811859
0.0022517769137987234     0.10106325845342906
0.002304601966533948      0.1007894897369094
0.0023584291681195226     0.10051376645110052
0.0024132775304118725     0.10023610624058339
0.0024691664259430686     0.09995652733506546
0.002526115594763242      0.0996750485419734
0.0025841451514127954     0.09939168923855243
0.0026432755920268976     0.09910646936348844
0.002703527801574751      0.09881940940805746
0.002764923061236195      0.09853053040681124
0.0028274830559182557     0.0982398539278122
0.00289122988191429       0.09794740206242603
0.0029561860547084357     0.0976531974146859
0.0030223745169281136     0.09735726309023893
0.003089818646447403      0.09705962268488996
0.003158542264644146      0.09676030027275251
0.0032285696448136974     0.09645932039402638
0.0032999255207422887     0.09615670804241289
0.0033726350954430555     0.0958524886521854
0.0034467240500577574     0.0955466880849277
0.003522218552927433      0.09523933261596182
0.003599145268835073      0.09493044892047767
0.0036775313684236813     0.0946200640593835
0.0037574045377929835     0.09430820546489393
0.003838792988278208      0.09399490092587542
0.003921725466414371      0.09368017857296257
0.004006231264089606      0.09336406686347104
0.004092340228891101      0.09304659456611772
0.004180082774647326      0.09272779074557347
0.004269489892170224      0.09240768474686106
0.004360593160201255      0.09208630617962368
0.004453424756565013      0.09176368490227833
0.004548017469534537      0.09143985100607344
0.004644404709412129      0.09111483479907279
0.004742620520329984      0.09078866679008085
0.004842699592274587      0.09046137767253107
0.004944677273339301      0.09013299830835203
0.005048589582209357      0.08980355971183507
0.005154473220883726      0.0894730930335178
0.0052623655876383145     0.08914162954410047
0.005372304790235109      0.08880920061841668
0.005484329659381879      0.08847583771947337
0.005598479762447276      0.08814157238257656
0.005714795417436066      0.0878064361995612
0.005833317707229548      0.08747046080313828
0.00595408849409604       0.08713367785137985
0.006077150434476774      0.0867961190123516
0.006202546994052162      0.08645781594891203
0.006330322463093984      0.08611880030369098
0.006460521972108746      0.08577910368426062
0.00659319150777789       0.08543875764851458
0.006728377929200352      0.08509779369026384
0.006866128984443262      0.08475624322506642
0.007006493327406631      0.08441413757629976
0.007149520535008036      0.08407150796148496
0.007295261124693224      0.0837283854788799
0.007443766572278972      0.08338480109434282
0.0075950893301344235     0.08304078562848143
0.007749282845707362      0.08269636974409389
0.007906401580401956      0.08235158393391119
0.008066501028814552      0.08200645850864699
0.008229637738334539      0.08166102358535998
0.008395869329116918      0.08131530907614055
0.008565254514433877      0.08096934467712244
0.008737853121412379      0.08062315985782662
0.00891372611216523       0.0802767838508396
0.009092935605322993      0.07993024564183251
0.009275544897974377      0.0795835739599256
0.009461618488022898      0.07923679726839525
0.0096512220969676        0.0788899437557313
0.009844422693116056      0.07854304132704304
0.010041288515237641      0.0781961175958174
0.010241889096665605      0.07784919987602665
0.010446295289856316      0.07750231517458876
0.010654579291414537      0.0771554901841795
0.01086681466759332       0.07680875127639346
0.011083076380277765      0.07646212449525464
0.011303440813461654      0.07611563555107384
0.011527985800226445      0.07576930981465158
0.011756790650231993      0.07542317231182219
0.011989936177728904      0.07507724771833797
0.012227504730102211      0.07473156035508982
0.012469580216956665      0.07438613418365757
0.012716248139753668      0.07404099280219174
0.012967595622010634      0.0736961594416159
0.013223711440073031      0.07335165696215049
0.013484686054470478      0.07300750785014826
0.0137506116418674        0.0726637342152409
0.014021582127620119      0.07232035778778664
0.014297693218951352      0.07197739991661675
0.014579042438754188      0.07163488156707315
0.014865729160037349      0.07129282331933139
0.015157854641023871      0.07095124536700378
0.015455522060915708      0.07061016751601215
0.01575883655633677       0.07026960918373058
0.01606790525846737       0.06992958939838437
0.01638283733088312       0.06959012679870258
0.016703744008111702      0.06925123963381657
0.017030738634921067      0.06891294576339427
0.017363936706353007      0.06857526265800903
0.017703455908516193      0.0682382073997303
0.0180494161601531        0.06790179668293124
0.0184019396549955        0.06756604681530769
0.018761150904923512      0.0672309737190957
0.019127176783943392      0.06689659293248718
0.01950014657299961       0.06656291961123345
0.01988019200563711       0.06622996853042647
0.020267447314529882      0.06589775408645498
0.020662049278892043      0.06556629029912647
0.0210641372727886        0.06523559081394864
0.021473853314362502      0.0649056689045597
0.02189134211599576       0.06457653747530812
0.02231675113542203       0.06424820906396468
0.022750230627808996      0.06392069584456996
0.023191933698828673      0.06359400963040261
0.023642016358734662      0.06326816187706616
0.02410063757746515       0.06294316368568764
0.024567959340791402      0.06261902580621778
0.02504414670753141       0.062295758640830444
0.025529367867848915      0.06197337224741371
0.026023794202658435      0.06165187634314649
0.0265276003441573        0.06133128030815231
0.027040964237506085      0.061011593189228344
0.027564067203679096      0.060692823703640826
0.028097094003507184      0.06037498024298252
0.028640232902935624      0.06005807087708655
0.029193675739519993      0.059742103357989525
0.029757617990183453      0.05942708512394132
0.030332258840259585      0.059113023303453915
0.030917801253844857      0.058799924719385124
0.03151445204548606       0.058487795893052134
0.0321224219532273        0.05817664304836997
0.03274192571304337       0.05786647211600886
0.03337318213468445       0.05755728873756682
0.034016414178960425      0.05724909826975162
0.034671849036490704      0.05694190578856827
0.03533971820794866       0.05663571609350413
0.036020257585827664      0.05633053371170938
0.0367137075377591        0.05602636290216545
0.037420312991410284      0.05572320765983342
0.03814032352099341       0.055421071719778586
0.038873993435415755      0.055119958561258786
0.03962158186810175       0.054819871411768625
0.040383352868519594      0.05452081325102687
0.04115957549544353       0.05422278681488904
0.04195052391198639       0.053925794599167284
0.04275647748243413       0.05362983886332702
0.04357772087091786       0.053334921634026755
0.04441454414195746       0.05304104470844993
0.04526724286291324       0.052748209657360705
0.04613611820838059       0.05245641782778898
0.04702147706656539       0.05216567034521684
0.047923632147677225      0.05187596811507715
0.04884290209437953       0.0515873118233076
0.049779611594334486      0.05129970193558732
0.050734091494883254      0.05101313869472762
0.0517066789199017        0.05072762211548326
0.052697704137735224      0.050443155759241846
0.0536972623407794        0.05016258580903613
0.05469682054382358       0.04988813792640308
0.05569637874686775       0.04961957421639535
0.05669593694991193       0.04935666984489029
0.057695495152956106      0.049099212135137654
0.05869505335600028       0.0488469997242829
0.05969461155904446       0.048599841790887485
0.060694169762088634      0.04835755734646021
0.06169372796513281       0.048119974584784536
0.06269328616817699       0.047886930283526766
0.06369284437122116       0.04765826925320511
0.06469240257426534       0.04743384382912825
0.06569196077730952       0.047213513402377914
0.06669151898035369       0.04699714398632117
0.06769107718339787       0.046784607815496565
0.06869063538644204       0.04657578297404077
0.06969019358948622       0.04637055305110317
0.0706897517925304        0.046168806820952354
0.07168930999557457       0.04597043794569648
0.07268886819861875       0.04577534469874373
0.07368842640166293       0.04558342970730502
0.0746879846047071        0.04539459971239903
0.07568754280775128       0.045208765344963736
0.07668710101079546       0.04502584091680588
0.07768665921383963       0.04484574422523334
0.07868621741688381       0.04466839637031797
0.07968577561992798       0.04449372158383139
0.08068533382297216       0.04432164706897623
0.08168489202601634       0.04415210285011289
0.08268445022906051       0.04398502163175032
0.08368400843210469       0.04382033866612814
0.08468356663514887       0.04365799162877479
0.08568312483819304       0.04349792050147891
0.08668268304123722       0.04334006746215244
0.0876822412442814        0.043184376781108716
0.08868179944732557       0.043030794723318555
0.08968135765036975       0.042879269456234395
0.09068091585341392       0.042729750962814256
0.0916804740564581        0.042582190959396735
0.09268003225950228       0.04243654281811126
0.09367959046254645       0.042292761493526926
0.09467914866559063       0.042150803453269534
0.0956787068686348        0.042010626612350825
0.09667826507167898       0.04187219027098034
0.09767782327472316       0.041735455055639456
0.09867738147776733       0.041600382863216406
0.09967693968081151       0.04146693680801633
0.10067649788385569       0.0413350811714716
0.10167605608689986       0.04120478135438982
0.10267561428994404       0.041076003831588534
0.10367517249298822       0.040948716108777886
0.10467473069603239       0.04082288668155718
0.10567428889907657       0.04069848499640605
0.10667384710212074       0.040575481413554465
0.10767340530516492       0.04045384717162413
0.1086729635082091        0.04033355435394355
0.10967252171125327       0.04021457585644228
0.11067207991429745       0.040096885357037745
0.11167163811734163       0.03998045728643175
0.1126711963203858        0.03986526680024037
0.11367075452342998       0.03975128975238723
0.11467031272647416       0.03963850266969082
0.11566987092951833       0.03952688272758228
0.11666942913256251       0.03941640772689618
0.11766898733560668       0.03930705607167686
0.11866854553865086       0.039198806747948525
0.11966810374169504       0.039091639303400594
0.12066766194473921       0.03898553382793865
0.12166722014778339       0.038880470935062125
0.12266677835082757       0.03877643174402295
0.12366633655387174       0.03867339786272932
0.12466589475691592       0.03857135137135659
0.1256654529599601        0.03847027480663153
0.12666501116300427       0.038370151146755876
0.12766456936604845       0.03827096379693983
0.12866412756909262       0.03817269657551661
0.1296636857721368        0.03807533370061017
0.13066324397518098       0.03797885977732821
0.13166280217822515       0.037883259785458534
0.13266236038126933       0.03778851906764528
0.1336619185843135        0.037694623318020745
0.13466147678735768       0.037601558571275034
0.13566103499040186       0.037509311192140724
0.13666059319344603       0.03741786786527533
0.1376601513964902        0.03732721558552518
0.1386597095995344        0.03723734164855055
0.13965926780257856       0.03714823364179998
0.14065882600562274       0.03705987943581375
0.14165838420866692       0.03697226717584766
0.1426579424117111        0.036885385273798595
0.14365750061475527       0.036799222400421966
0.14465705881779944       0.03671376747782733
0.14565661702084362       0.03662900967224057
0.1466561752238878        0.03654493838702158
0.14765573342693197       0.036461543255926626
0.14865529162997615       0.03637881413660589
0.14965484983302033       0.03629674110432506
0.1506544080360645        0.03621531444590401
0.15165396623910868       0.036134524653860745
0.15265352444215285       0.03605436242075635
0.15365308264519703       0.035974818633729075
0.1546526408482412        0.03589588436921115
0.15565219905128538       0.035817550887822444
0.15665175725432956       0.035739809629433475
0.15765131545737374       0.035662652208389774
0.1586508736604179        0.03558607040889199
0.1596504318634621        0.0355100561805271
0.16064999006650627       0.0354346016339434
0.16164954826955044       0.03535969903666407
0.16264910647259462       0.03528534080903422
0.1636486646756388        0.035211519520296414
0.16464822287868297       0.03513822788479046
0.16564778108172715       0.03506545875827101
0.16664733928477132       0.0349932051343404
0.1676468974878155        0.03492146014099271
0.16864645569085968       0.03485021703726239
0.16964601389390385       0.03477946920997692
0.17064557209694803       0.03470921017060751
0.1716451302999922        0.034639433552215736
0.17264468850303638       0.03457013310649061
0.17364424670608056       0.034501302700875466
0.17464380490912473       0.03443293631577995
0.1756433631121689        0.03436502804187421
0.1766429213152131        0.03429757207746294
0.17764247951825726       0.03423056272593551
0.17864203772130144       0.0341639943932915
0.17964159592434562       0.0340978615857362
0.1806411541273898        0.03403215890734664
0.18164071233043397       0.03396688105780342
0.18264027053347814       0.0339020228301877
0.18363982873652232       0.03383757910883975
0.1846393869395665        0.03377354486727853
0.18563894514261067       0.033709915166179716
0.18663850334565485       0.03364668515140845
0.18763806154869903       0.03358385005210872
0.1886376197517432        0.0335214051788437
0.18963717795478738       0.0334593459217873
0.19063673615783155       0.03339766774896667
0.19163629436087573       0.033336366204550126
0.1926358525639199        0.03327543690718195
0.19363541076696408       0.033214875548363436
0.19463496897000826       0.033154677890874826
0.19563452717305244       0.03309483976724109
0.1966340853760966        0.033035357078237314
0.1976336435791408        0.032976225791433125
0.19863320178218496       0.032917441939776804
0.19963275998522914       0.03285900162021392
0.20063231818827332       0.032800900992344215
0.2016318763913175        0.03274313627711119
0.20263143459436167       0.03268570375552671
0.20363099279740585       0.03262859976742723
0.20463055100045002       0.03257182071026224
0.2056301092034942        0.03251536303791311
0.20662966740653838       0.03245922325954219
0.20762922560958255       0.0324033979384693
0.20862878381262673       0.032347883691077835
0.2096283420156709        0.03229267718574788
0.21062790021871508       0.03223777514181468
0.21162745842175926       0.03218317432855336
0.21262701662480343       0.03212887156418816
0.2136265748278476        0.03207486371492682
0.21462613303089179       0.03202114769401743
0.21562569123393596       0.03196772046082767
0.21662524943698014       0.03191457901994746
0.21762480764002431       0.03186172042031245
0.2186243658430685        0.03180914175434753
0.21962392404611267       0.03175684015713198
0.22062348224915684       0.031704812805584424
0.22162304045220102       0.03165305691766539
0.2226225986552452        0.031601569751599175
0.22362215685828937       0.031550348605115595
0.22462171506133355       0.031499390814706534
0.22562127326437773       0.03144869375490118
0.2266208314674219        0.03139825483755787
0.22762038967046608       0.03134807151117223
0.22861994787351025       0.031298141260199946
0.22961950607655443       0.03124846160439714
0.2306190642795986        0.031199030098172743
0.23161862248264278       0.031149844329957904
0.23261818068568696       0.031100901921588188
0.23361773888873114       0.031052200527700156
0.2346172970917753        0.031003737835141536
0.2356168552948195        0.030955511562393
0.23661641349786366       0.030907519459004454
0.23761597170090784       0.030859759305042818
0.23861552990395202       0.03081222891055206
0.2396150881069962        0.030764926115024738
0.24061464631004037       0.030717848786885132
0.24161420451308455       0.030670994822983865
0.24261376271612872       0.030624362148102734
0.2436133209191729        0.030577948714471
0.24461287912221708       0.030531752501290352
0.24561243732526125       0.030485771514272307
0.24661199552830543       0.03044000378518367
0.2476115537313496        0.03039444737140195
0.24861111193439378       0.03034910035547981
0.24961067013743796       0.03030396084472011
0.25061022834048213       0.030259026970757448
0.2516097865435263        0.030214296889150366
0.25260934474657043       0.030169768778980907
0.2536089029496146        0.030125440842462756
0.2546084611526587        0.030081311304557233
0.2556080193557029        0.030037378412597494
0.256607577558747         0.029993640435920066
0.2576071357617912        0.029950095665503614
0.2586066939648353        0.029906742413615454
0.25960625216787947       0.029863579013465126
0.2606058103709236        0.029820603818864498
0.26160536857396777       0.029777815203895126
0.2626049267770119        0.02973521156258163
0.26360448498005606       0.029692791308572334
0.2646040431831002        0.02965055287482566
0.26560360138614436       0.02960849471330257
0.2666031595891885        0.029566615294665387
0.26760271779223266       0.02952491310798236
0.2686022759952768        0.02948338666043794
0.26960183419832096       0.029442034477048726
0.2706013924013651        0.02940085510038455
0.27160095060440925       0.02935984709029571
0.2726005088074534        0.029319009023644496
0.27360006701049755       0.029278339494042134
0.2745996252135417        0.029237837111591614
0.27559918341658585       0.029197500502633717
0.27659874161963          0.029157328309499228
0.27759829982267414       0.02911731919026511
0.2785978580257183        0.02907747181851573
0.27959741622876244       0.02903778488310805
0.2805969744318066        0.028998257087941216
0.28159653263485074       0.028958887151731113
0.2825960908378949        0.028919673807788086
0.28359564904093904       0.028880615803799345
0.2845952072439832        0.02884171190161541
0.28559476544702733       0.028802960877040207
0.2865943236500715        0.02876436151962494
0.28759388185311563       0.02872591263246602
0.2885934400561598        0.028687613032006357
0.2895929982592039        0.028649461547840503
0.2905925564622481        0.028611457022522824
0.2915921146652922        0.028573598311379695
0.29259167286833637       0.028535884282324585
0.2935912310713805        0.028498313815676822
0.29459078927442467       0.028460885803983108
0.2955903474774688        0.028423599151842553
0.29658990568051297       0.028386452775734723
0.2975894638835571        0.0283494456038504
0.29858902208660126       0.028312576575926014
0.2995885802896454        0.028275844643080014
0.30058813849268956       0.02823924876765282
0.3015876966957337        0.028202787923049234
0.30258725489877786       0.028166461093583436
0.303586813101822         0.028130267274327145
0.30458637130486615       0.028094205470960143
0.3055859295079103        0.028058274699622836
0.30658548771095445       0.028022473986771875
0.3075850459139986        0.0279868023690385
0.30858460411704275       0.027951258893088388
0.3095841623200869        0.027915842615484805
0.31058372052313105       0.027880552602553572
0.3115832787261752        0.027845387930249876
0.31258283692921934       0.027810347684028267
0.3135823951322635        0.027775430958714438
0.31458195333530764       0.027740636858378402
0.3155815115383518        0.0277059644962111
0.31658106974139594       0.027671412994401796
0.3175806279444401        0.027636981484018386
0.31858018614748423       0.027602669104889142
0.3195797443505284        0.027568475005486356
0.32057930255357253       0.027534398342812696
0.3215788607566167        0.0275004382822881
0.32257841895966083       0.027466593997639555
0.323577977162705         0.027432864670792284
0.3245775353657491        0.027399249491762513
0.3255770935687933        0.027365747658552472
0.3265766517718374        0.027332358377046242
0.32757620997488157       0.027299080860908174
0.3285757681779257        0.02726591433148222
0.32957532638096987       0.027232858017693366
0.330574884584014         0.027199911155950496
0.33157444278705817       0.027167072990050174
0.3325740009901023        0.027134342771082946
0.33357355919314646       0.027101719757340385
0.3345731173961906        0.027069203214223892
0.33557267559923476       0.02703679241415486
0.3365722338022789        0.027004486636486087
0.33757179200532306       0.026972285167414803
0.3385713502083672        0.02694018729989696
0.33957090841141135       0.0269081923335625
0.3405704666144555        0.026876299574632653
0.34157002481749965       0.026844508335837652
0.3425695830205438        0.026812817936336473
0.34356914122358795       0.026781227701637194
0.3445686994266321        0.02674973696351888
0.34556825762967625       0.026718345059954483
0.3465678158327204        0.02668705133503516
0.34756737403576454       0.02665585513889559
0.3485669322388087        0.026624755827640064
0.34956649044185284       0.02659375276327022
0.350566048644897         0.026562845313613755
0.35156560684794114       0.026532032852253716
0.3525651650509853        0.02650131475845948
0.35356472325402943       0.026470690417118338
0.3545642814570736        0.02644015921866834
0.35556383966011773       0.026409720559031825
0.3565633978631619        0.026379373839550108
0.35756295606620603       0.026349118466919293
0.3585625142692502        0.02631895385312662
0.3595620724722943        0.026288879415388114
0.3605616306753385        0.02625889457608689
0.3615611888783826        0.026228998762712345
0.36256074708142677       0.026199191407800554
0.3635603052844709        0.026169471948875044
0.36455986348751507       0.026139839828388876
0.3655594216905592        0.026110294493667183
0.36655897989360336       0.026080835396850546
0.3675585380966475        0.02605146199483961
0.36855809629969166       0.026022173749240037
0.3695576545027358        0.02599297012630825
0.37055721270577996       0.025963850596898125
0.3715567709088241        0.025934814636408714
0.37255632911186826       0.025905861724731912
0.3735558873149124        0.025876991346201313
0.37455544551795655       0.025848202989542157
0.3755550037210007        0.025819496147821232
0.37655456192404485       0.025790870318397895
0.377554120127089         0.025762325002875806
0.37855367833013315       0.0257338597070551
0.3795532365331773        0.025705473940885445
0.38055279473622144       0.025677167218419512
0.3815523529392656        0.025648939057767335
0.38255191114230974       0.025620788981050996
0.3835514693453539        0.025592716514360264
0.38455102754839804       0.025564721187708434
0.3855505857514422        0.025536802534989286
0.38655014395448634       0.02550896009393419
0.3875497021575305        0.025481193406069715
0.38854926036057463       0.025453502016676385
0.3895488185636188        0.025425885474747507
0.39054837676666293       0.02539834333294854
0.3915479349697071        0.02537087514757718
0.3925474931727512        0.02534348047852395
0.3935470513757954        0.02531615888923347
0.3945466095788395        0.025288909946665585
0.3955461677818837        0.025261733221257826
0.3965457259849278        0.025234628286888293
0.39754528418797197       0.025207594720838014
0.3985448423910161        0.025180632103755013
0.39954440059406027       0.025153740019618454
0.4005439587971044        0.025126918055702805
0.40154351700014856       0.025100165802542936
0.4025430752031927        0.025073482853899622
0.40354263340623686       0.02504686880672575
0.404542191609281         0.025020323261131988
0.40554174981232516       0.024993845820353834
0.4065413080153693        0.024967436090719018
0.40754086621841346       0.0249410936816147
0.4085404244214576        0.024914818205455627
0.40953998262450175       0.024888609277652917
0.4105395408275459        0.024862466516582353
0.41153909903059005       0.02483638954355393
0.4125386572336342        0.02481037798278122
0.41353821543667835       0.024784431461351404
0.4145377736397225        0.02475854960919585
0.41553733184276664       0.024732732059060798
0.4165368900458108        0.024706978446478227
0.41753644824885494       0.024681288409737257
0.4185360064518991        0.024655661589856673
0.41953556465494324       0.02463009763055623
0.4205351228579874        0.024604596178229528
0.42153468106103154       0.024579156881916912
0.4225342392640757        0.024553779393278505
0.42353379746711983       0.024528463366567888
0.424533355670164         0.02450320845860593
0.42553291387320813       0.024478014328754766
0.4265324720762523        0.02445288063889231
0.4275320302792964        0.024427807053387127
0.4285315884823406        0.024402793239073545
0.4295311466853847        0.024377838865227194
0.4305307048884289        0.02435294360354002
0.431530263091473         0.02432810712809711
0.43252982129451717       0.024303329115352483
0.4335293794975613        0.024278609244105555
0.43452893770060547       0.024253947195478503
0.4355284959036496        0.024229342652892907
0.43652805410669376       0.024204795302047236
0.4375276123097379        0.02418030483089452
0.43852717051278206       0.024155870929620203
0.4395267287158262        0.024131493290620566
0.44052628691887036       0.02410717160848089
0.4415258451219145        0.024082905579954173
0.44252540332495865       0.024058694903940248
0.4435249615280028        0.024034539281464623
0.44452451973104695       0.024010438415658628
0.4455240779340911        0.02398639201173807
0.44652363613713525       0.023962399776983938
0.4475231943401794        0.023938461420722063
0.44852275254322355       0.023914576654303812
0.4495223107462677        0.023890745191086665
0.45052186894931184       0.023866966746414607
0.451521427152356         0.023843241037599668
0.45252098535540014       0.02381956778390299
0.4535205435584443        0.02379594670651616
0.45452010176148844       0.023772377528543064
0.4555196599645326        0.02374885997498171
0.45651921816757673       0.02372539377270641
0.4575187763706209        0.023701978650449818
0.45851833457366503       0.023678614338785806
0.4595178927767092        0.02365530057011176
0.46051745097975333       0.023632037078631707
0.4615170091827975        0.023608823600339342
0.4625165673858416        0.023585659873001513
0.4635161255888858        0.02356254563614106
0.4645156837919299        0.02353948063102107
0.46551524199497407       0.02351646460062847
0.4665148001980182        0.023493497289658022
0.46751435840106237       0.023470578444496442
0.4685139166041065        0.023447707813207014
0.46951347480715067       0.023424885145513705
0.4705130330101948        0.023402110192786083
0.47151259121323896       0.023379382708024397
0.4725121494162831        0.023356702445843973
0.47351170761932726       0.02333406916246116
0.4745112658223714        0.023311482615678204
0.47551082402541556       0.02328894256486884
0.4765103822284597        0.023266448770963913
0.47750994043150385       0.023244000996437343
0.478509498634548         0.023221599005292085
0.47950905683759215       0.023199242563046285
0.4805086150406363        0.02317693143671933
0.48150817324368045       0.02315466539481808
0.4825077314467246        0.02313244420732449
0.48350728964976875       0.023110267645681047
0.4845068478528129        0.023088135482778143
0.48550640605585704       0.023066047492941243
0.4865059642589012        0.023044003451917938
0.48750552246194534       0.02302200313686476
0.4885050806649895        0.023000046326335323
0.48950463886803364       0.022978132800267167
0.4905041970710778        0.02295626233996975
0.49150375527412193       0.022934434728112157
0.4925033134771661        0.022912649748711142
0.49350287168021023       0.02289090718711903
0.4945024298832544        0.022869206830011778
0.49550198808629853       0.022847548465377676
0.4965015462893427        0.022825931882505257
0.4975011044923868        0.022804356871971965
0.498500662695431         0.022782823225632926
0.4995002208984751        0.02276133073660993
0.5004997791015193        0.022739879199279563
0.5014993373045635        0.022718468409262945
0.5024988955076077        0.022697098163414628
0.5034984537106519        0.022675768259811466
0.5044980119136961        0.022654478497742176
0.5054975701167403        0.022633228677697126
0.5064971283197846        0.022612018601357274
0.5074966865228288        0.022590848071583906
0.508496244725873         0.022569716892408713
0.5094958029289172        0.022548624869023565
0.5104953611319614        0.02252757180777018
0.5114949193350056        0.022506557516130257
0.5124944775380498        0.022485581802715798
0.513494035741094         0.022464644477259342
0.5144935939441382        0.022443745350604064
0.5154931521471824        0.022422884234694306
0.5164927103502266        0.02240206094256645
0.5174922685532708        0.022381275288338828
0.518491826756315         0.02236052708720309
0.5194913849593592        0.02233981615541493
0.5204909431624034        0.02231914231028442
0.5214905013654476        0.022298505370167643
0.5224900595684918        0.022277905154457402
0.523489617771536         0.022257341483574493
0.5244891759745802        0.022236814178959056
0.5254887341776244        0.022216323063061594
0.5264882923806686        0.022195867959334627
0.5274878505837128        0.022175448692224112
0.528487408786757         0.02215506508716089
0.5294869669898012        0.022134716970552616
0.5304865251928454        0.022114404169775368
0.5314860833958897        0.022094126513165106
0.5324856415989339        0.02207388383001028
0.5334851998019781        0.02205367595054295
0.5344847580050223        0.022033502705931608
0.5354843162080665        0.02201336392827268
0.5364838744111107        0.0219932594505831
0.5374834326141549        0.021973189106792246
0.5384829908171991        0.021953152731734624
0.5394825490202433        0.021933150161142057
0.5404821072232875        0.02191318123163613
0.5414816654263317        0.021893245780720785
0.5424812236293759        0.02187334364677493
0.5434807818324201        0.021853474669045025
0.5444803400354643        0.02183363868763821
0.5454798982385085        0.021813835543514456
0.5464794564415527        0.02179406507847998
0.5474790146445969        0.02177432713517999
0.5484785728476411        0.021754621557091684
0.5494781310506853        0.021734948188517254
0.5504776892537295        0.021715306874577036
0.5514772474567737        0.021695697461203034
0.5524768056598179        0.021676119795131663
0.5534763638628621        0.021656573723897284
0.5544759220659063        0.021637059095825473
0.5554754802689505        0.02161757576002668
0.5564750384719948        0.021598123566389613
0.557474596675039         0.021578702365574583
0.5584741548780832        0.021559312009007323
0.5594737130811274        0.02153995234887264
0.5604732712841716        0.021520623238108064
0.5614728294872158        0.021501324530397367
0.56247238769026          0.021482056080164957
0.5634719458933042        0.02146281774256925
0.5644715040963484        0.02144360937349675
0.5654710622993926        0.021424430829556022
0.5664706205024368        0.02140528196807188
0.567470178705481         0.02138616264707917
0.5684697369085252        0.021367072725317134
0.5694692951115694        0.021348012062223524
0.5704688533146136        0.021328980517928656
0.5714684115176578        0.02130997795325005
0.572467969720702         0.021291004229686418
0.5734675279237462        0.021272059209412178
0.5744670861267904        0.02125314275527182
0.5754666443298346        0.021234254730774556
0.5764662025328788        0.021215395000088604
0.577465760735923         0.021196563428035733
0.5784653189389672        0.02117775988008614
0.5794648771420114        0.021158984222352812
0.5804644353450557        0.021140236321586313
0.5814639935480999        0.02112151604516952
0.5824635517511441        0.02110282326111234
0.5834631099541883        0.021084157838046763
0.5844626681572325        0.021065519645221374
0.5854622263602767        0.02104690855249638
0.5864617845633209        0.0210283244303388
0.5874613427663651        0.021009767149817095
0.5884609009694093        0.020991236582596377
0.5894604591724535        0.020972732600933408
0.5904600173754977        0.020954255077671544
0.5914595755785419        0.020935803886236372
0.5924591337815861        0.02091737890063009
0.5934586919846303        0.020898979995427752
0.5944582501876745        0.020880607045771563
0.5954578083907187        0.020862259927366546
0.5964573665937629        0.020843938516476104
0.5974569247968071        0.02082564268991692
0.5984564829998513        0.020807372325054606
0.5994560412028955        0.02078912729979912
0.6004555994059397        0.020770907492600334
0.6014551576089839        0.02075271278244308
0.6024547158120281        0.020734543048843364
0.6034542740150723        0.02071639817184331
0.6044538322181165        0.020698278032007193
0.6054533904211608        0.02068018251041672
0.606452948624205         0.020662111488666937
0.6074525068272492        0.020644064848861797
0.6084520650302934        0.020626042473610023
0.6094516232333376        0.020608044246020665
0.6104511814363818        0.020590070049699045
0.611450739639426         0.02057211976874254
0.6124502978424702        0.020554193287736496
0.6134498560455144        0.020536290491749598
0.6144494142485586        0.020518411266330663
0.6154489724516028        0.020500555497503972
0.616448530654647         0.020482723071765102
0.6174480888576912        0.020464913876077538
0.6184476470607354        0.02044712779786812
0.6194472052637796        0.020429364725023293
0.6204467634668238        0.02041162454588521
0.621446321669868         0.02039390714924782
0.6224458798729122        0.020376212424352908
0.6234454380759564        0.020358540260886605
0.6244449962790006        0.020340890548974654
0.6254445544820448        0.020323263179179554
0.626444112685089         0.0203056580424969
0.6274436708881332        0.020288075030350503
0.6284432290911774        0.02027051403458958
0.6294427872942217        0.020252974947485097
0.6304423454972659        0.020235457661725572
0.6314419037003101        0.020217962070413764
0.6324414619033543        0.020200488067062827
0.6334410201063985        0.02018303554559303
0.6344405783094427        0.020165604400327837
0.6354401365124869        0.02014819452599069
0.6364396947155311        0.020130805817701065
0.6374392529185753        0.02011343817097125
0.6384388111216195        0.0200960914817027
0.6394383693246637        0.020078765646182703
0.6404379275277079        0.02006146056108088
0.6414374857307521        0.020044176123445633
0.6424370439337963        0.020026912230700848
0.6434366021368405        0.020009668780642573
0.6444361603398847        0.01999244567143542
0.6454357185429289        0.019975242801609373
0.6464352767459731        0.019958060070056412
0.6474348349490173        0.019940897376027375
0.6484343931520615        0.019923754619128313
0.6494339513551057        0.019906631699317414
0.6504335095581499        0.019889528516901775
0.6514330677611941        0.019872444972534195
0.6524326259642383        0.019855380967209693
0.6534321841672825        0.019838336402262756
0.6544317423703268        0.019821311179363643
0.655431300573371         0.01980430520051534
0.6564308587764152        0.019787318368050887
0.6574304169794594        0.019770350584629514
0.6584299751825036        0.019753401753234208
0.6594295333855478        0.019736471777168023
0.660429091588592         0.019719560560051204
0.6614286497916362        0.019702668005818408
0.6624282079946804        0.019685794018715036
0.6634277661977246        0.019668938503294847
0.6644273244007688        0.019652101364416457
0.665426882603813         0.019635282507240507
0.6664264408068572        0.019618481837226615
0.6674259990099014        0.019601699260130466
0.6684255572129456        0.019584934682000697
0.6694251154159898        0.019568188009176188
0.670424673619034         0.01955145914828265
0.6714242318220782        0.01953474800623039
0.6724237900251224        0.01951805449021076
0.6734233482281666        0.019501378507693415
0.6744229064312108        0.01948471996642361
0.675422464634255         0.019468078774419195
0.6764220228372992        0.019451454839967748
0.6774215810403434        0.019434848071623677
0.6784211392433876        0.019418258378205308
0.6794206974464319        0.01940168566879235
0.6804202556494761        0.019385129852722685
0.6814198138525203        0.01936859083958982
0.6824193720555645        0.019352068539239917
0.6834189302586087        0.019335562861769323
0.6844184884616529        0.019319073717521222
0.6854180466646971        0.01930260101708342
0.6864176048677413        0.019286144671285053
0.6874171630707855        0.019269704591194547
0.6884167212738297        0.019253280688116152
0.6894162794768739        0.019236872873587597
0.6904158376799181        0.019220481059377133
0.6914153958829623        0.01920410515748118
0.6924149540860065        0.019187745080121416
0.6934145122890507        0.019171400739741766
0.6944140704920949        0.019155072049006086
0.6954136286951391        0.019138758920795636
0.6964131868981833        0.019122461268205937
0.6974127451012275        0.019106179004544054
0.6984123033042717        0.019089912043326947
0.6994118615073159        0.019073660298277423
0.7004114197103601        0.019057423683322236
0.7014109779134043        0.0190412021125895
0.7024105361164485        0.01902499550040581
0.7034100943194928        0.019008803761293696
0.704409652522537         0.018992626809968962
0.7054092107255812        0.018976464561338103
0.7064087689286254        0.018960316930495734
0.7074083271316696        0.018944183832722006
0.7084078853347138        0.018928065183479816
0.709407443537758         0.01891196089841225
0.7104070017408022        0.01889587089334023
0.7114065599438464        0.01887979508425979
0.7124061181468906        0.018863733387339342
0.7134056763499348        0.018847685718917172
0.714405234552979         0.018831651995499063
0.7154047927560232        0.018815632133755686
0.7164043509590674        0.01879962605051946
0.7174039091621116        0.0187836336627828
0.7184034673651558        0.018767654887695245
0.7194030255682           0.018751689642560576
0.7204025837712442        0.01873573784483471
0.7214021419742884        0.01871979941212301
0.7224017001773326        0.018703874262177442
0.7234012583803768        0.01868796231289447
0.724400816583421         0.018672063482312325
0.7254003747864652        0.018656177688608166
0.7263999329895094        0.018640304850096094
0.7273994911925536        0.01862444488522431
0.7283990493955979        0.018608597712572277
0.7293986075986421        0.01859276325084869
0.7303981658016863        0.018576941418888736
0.7313977240047305        0.018561132135651227
0.7323972822077747        0.0185453353202168
0.7333968404108189        0.018529550891784624
0.7343963986138631        0.018513778769670107
0.7353959568169073        0.018498018873302626
0.7363955150199515        0.01848227112222248
0.7373950732229957        0.018466535436078815
0.7383946314260399        0.01845081173462674
0.7393941896290841        0.018435099937724984
0.7403937478321283        0.018419399965333073
0.7413933060351725        0.01840371173750921
0.7423928642382167        0.01838803517440731
0.7433924224412609        0.018372370196274572
0.7443919806443051        0.01835671672344894
0.7453915388473493        0.01834107467635661
0.7463910970503935        0.018325443975509337
0.7473906552534377        0.01830982454150184
0.7483902134564819        0.01829421629500923
0.7493897716595261        0.018278619156784637
0.7503893298625703        0.018263033047656307
0.7513888880656145        0.018247457888525276
0.7523884462686588        0.01823189360036262
0.753388004471703         0.018216340104206814
0.7543875626747472        0.018200797321161262
0.7553871208777914        0.018185265172391663
0.7563866790808356        0.018169743579123224
0.7573862372838798        0.01815423246263817
0.758385795486924         0.01813873174427328
0.7593853536899682        0.018123241345416728
0.7603849118930124        0.018107761187506122
0.7613844700960566        0.018092291192025357
0.7623840282991008        0.018076831280501974
0.763383586502145         0.018061381374504772
0.7643831447051892        0.018045941395640808
0.7653827029082334        0.01803051126555303
0.7663822611112776        0.018015090905917307
0.7673818193143218        0.01799968023843982
0.768381377517366         0.017984279184854374
0.7693809357204102        0.017968887666919738
0.7703804939234544        0.01795350560641685
0.7713800521264986        0.017938132925145768
0.7723796103295428        0.01792276954492348
0.773379168532587         0.017907415387580738
0.7743787267356312        0.01789207037495951
0.7753782849386754        0.017876734428909895
0.7763778431417196        0.017861407471287654
0.7773774013447639        0.01784608942395114
0.7783769595478081        0.017830780208758598
0.7793765177508523        0.017815479747565255
0.7803760759538965        0.017800187962220625
0.7813756341569407        0.017784904774565333
0.7823751923599849        0.017769630106428597
0.7833747505630291        0.017754363879625222
0.7843743087660733        0.017739106015952362
0.7853738669691175        0.017723856437187
0.7863734251721617        0.017708615065082887
0.7873729833752059        0.017693381821367496
0.7883725415782501        0.017678156627739236
0.7893720997812943        0.017662939405863977
0.7903716579843385        0.017647730077372942
0.7913712161873827        0.017632528563858715
0.7923707743904269        0.01761733478687276
0.7933703325934711        0.017602148667922257
0.7943698907965153        0.01758697012846681
0.7953694489995595        0.017571799089915782
0.7963690072026037        0.017556635473624724
0.7973685654056479        0.01754147920089238
0.7983681236086921        0.017526330192957747
0.7993676818117363        0.01751118837099653
0.8003672400147805        0.01749605365611826
0.8013667982178247        0.017480925969362814
0.802366356420869         0.017465805231697412
0.8033659146239132        0.017450691364012994
0.8043654728269574        0.01743558428712144
0.8053650310300016        0.017420483921751634
0.8063645892330458        0.017405390188546754
0.80736414743609          0.01739030300806034
0.8083637056391342        0.017375222300753237
0.8093632638421784        0.017360147986990267
0.8103628220452226        0.01734507998703638
0.8113623802482668        0.01733001822105351
0.812361938451311         0.017314962609097036
0.8133614966543552        0.017299913071111915
0.8143610548573994        0.01728486952692971
0.8153606130604436        0.017269831896264562
0.8163601712634878        0.017254800098709725
0.817359729466532         0.01723977405373377
0.8183592876695762        0.01722475368067733
0.8193588458726204        0.017209738898748852
0.8203584040756646        0.017194729627021038
0.8213579622787088        0.017179725784427422
0.822357520481753         0.017164727289757913
0.8233570786847972        0.01714973406165553
0.8243566368878414        0.01713474601861222
0.8253561950908856        0.01711976307896495
0.8263557532939299        0.017104785160891842
0.827355311496974         0.017089812182408258
0.8283548697000183        0.017074844061362487
0.8293544279030625        0.017059880715432144
0.8303539861061067        0.01704492206211932
0.8313535443091509        0.01702996801874739
0.8323531025121951        0.01701501850245611
0.8333526607152393        0.01700007343019736
0.8343522189182835        0.016985132718731578
0.8353517771213277        0.01697019628462264
0.8363513353243719        0.016955264044233948
0.8373508935274161        0.016940335913723868
0.8383504517304603        0.016925411809041356
0.8393500099335045        0.01691049164592137
0.8403495681365487        0.016895575339880627
0.8413491263395929        0.016880662806212417
0.8423486845426371        0.01686575395998234
0.8433482427456813        0.016850848716023728
0.8443478009487255        0.016835946988932506
0.8453473591517697        0.01682104869306278
0.8463469173548139        0.016806153742521618
0.8473464755578581        0.016791262051164484
0.8483460337609023        0.01677637353259001
0.8493455919639465        0.016761488100135044
0.8503451501669907        0.016746605666869814
0.851344708370035         0.016731726145591992
0.8523442665730792        0.016716849448822478
0.8533438247761234        0.016701975488799675
0.8543433829791676        0.016687104177473967
0.8553429411822118        0.016672235426502667
0.856342499385256         0.01665736914724434
0.8573420575883002        0.01664250525075319
0.8583416157913444        0.01662764364777388
0.8593411739943886        0.016612784248735524
0.8603407321974328        0.01659792696374584
0.861340290400477         0.016583071702585682
0.8623398486035212        0.0165682183747028
0.8633394068065654        0.01655336688920615
0.8643389650096096        0.016538517154859832
0.8653385232126538        0.0165236690800767
0.866338081415698         0.016508822572912377
0.8673376396187422        0.01649397754105885
0.8683371978217864        0.016479133891838374
0.8693367560248306        0.016464291532196713
0.8703363142278748        0.016449450368696734
0.871335872430919         0.01643461030751174
0.8723354306339632        0.01641977125441859
0.8733349888370074        0.01640493311479123
0.8743345470400516        0.016390095793593497
0.8753341052430959        0.01637525919537235
0.87633366344614          0.016360423224250378
0.8773332216491843        0.01634558778391888
0.8783327798522285        0.01633075277763063
0.8793323380552727        0.016315918108192294
0.8803318962583169        0.016301083677956782
0.8813314544613611        0.01628624938881577
0.8823310126644053        0.016271415142192144
0.8833305708674495        0.016256580839031656
0.8843301290704937        0.01624174637979549
0.8853296872735379        0.01622691166445181
0.8863292454765821        0.016212076592467237
0.8873288036796263        0.016197241062799392
0.8883283618826705        0.016182404973887586
0.8893279200857147        0.01616756822364468
0.8903274782887589        0.01615273070944811
0.8913270364918031        0.016137892328130926
0.8923265946948473        0.0161230529759731
0.8933261528978915        0.01610821254869222
0.8943257111009357        0.016093370941434135
0.8953252693039799        0.016078528048763304
0.8963248275070241        0.016063683764653617
0.8973243857100683        0.01604883798247829
0.8983239439131125        0.016033990595000124
0.8993235021161567        0.0160191414943612
0.900323060319201         0.016004290572072984
0.9013226185222452        0.015989437719005538
0.9023221767252894        0.015974582825377087
0.9033217349283336        0.015959725780743138
0.9043212931313778        0.015944866473985728
0.905320851334422         0.01593000479330202
0.9063204095374662        0.015915140626193196
0.9073199677405104        0.015900273859452696
0.9083195259435546        0.01588540437915447
0.9093190841465988        0.015870532070641347
0.910318642349643         0.015855656818512746
0.9113182005526872        0.015840778506611912
0.9123177587557314        0.01582589701801398
0.9133173169587756        0.015811012235012738
0.9143168751618198        0.015796124039107674
0.915316433364864         0.015781232310990878
0.9163159915679082        0.01576633693053331
0.9173155497709524        0.01575143777677121
0.9183151079739966        0.015736534727892187
0.9193146661770408        0.015721627661220906
0.920314224380085         0.015706716453204567
0.9213137825831292        0.015691800979398575
0.9223133407861734        0.01567688111445125
0.9233128989892176        0.015661956732088887
0.9243124571922618        0.01564702770510059
0.925312015395306         0.015632093905322483
0.9263115735983503        0.015617155203622432
0.9273111318013945        0.015602211469884233
0.9283106900044387        0.015587262572991801
0.9293102482074829        0.015572308380813521
0.9303098064105271        0.01555734876018713
0.9313093646135713        0.015542383576904219
0.9323089228166155        0.01552741269569603
0.9333084810196597        0.015512435980219567
0.9343080392227039        0.015497453293045683
0.9353075974257481        0.015482464495648014
0.9363071556287923        0.015467469448395162
0.9373067138318365        0.015452468010545947
0.9383062720348807        0.015437460040249228
0.9393058302379249        0.015422445394550116
0.9403053884409691        0.015407423929404158
0.9413049466440133        0.01539239549970287
0.9423045048470575        0.015377359959314059
0.9433040630501017        0.015362317161141541
0.9443036212531459        0.015347266957211253
0.9453031794561901        0.01533220919879185
0.9463027376592343        0.015317143736560894
0.9473022958622785        0.015302070420838799
0.948293321080098         0.015287117870659665
0.9492659085051165        0.015272435692646727
0.9502203884056653        0.015258019196266511
0.9511570979056202        0.01524386358340234
0.9520763678523225        0.01522996414620189
0.9529785229334343        0.015216316265116412
0.9538638817916192        0.015202915407003796
0.9547327571370865        0.015189757123293575
0.9555854558580423        0.01517683704821187
0.956422279129082         0.015164150897064738
0.9572435225175657        0.01515169446457809
0.9580494760880134        0.015139463623292852
0.9588404245045562        0.015127454322013432
0.9596166471314802        0.015115662584308449
0.960378418131898         0.015104084507062718
0.9611260065645841        0.015092716259078163
0.9618596764790064        0.015081554079723617
0.9625796870085895        0.015070594277631483
0.9632862924622406        0.015059833229440177
0.9639797424141721        0.015049267378581446
0.9646602817920512        0.01503889323411067
0.9653281509635091        0.015028707369579522
0.9659835858210395        0.01501870642194909
0.9666268178653152        0.015008887090542461
0.9672580742869563        0.014999246136034827
0.9678775780467725        0.014989780379480015
0.9684855479545137        0.014980486701371375
0.9690821987461549        0.014971362040735469
0.9696677411597403        0.014962403394256918
0.9702423820098163        0.014953607815431886
0.9708063242604799        0.014944972413748859
0.9713597670970642        0.014936494353894105
0.9719029059964928        0.014928170854979678
0.9724359327963208        0.014919999189791915
0.972959035762494         0.014911976684057929
0.9734723996558425        0.014904100715727614
0.9739762057973415        0.014896368714269023
0.9744706321321509        0.014888778159974032
0.9749558532924683        0.014881326583272781
0.9754320406592083        0.014874011564053494
0.9758993624225346        0.01486683073098596
0.9763579836412652        0.014859781760845889
0.9768080663011712        0.014852862377838155
0.9772497693721909        0.014846070352916409
0.9776832488645777        0.014839403503097436
0.9781086578840041        0.014832859690767804
0.9785261466856374        0.014826436822981364
0.9789358627272112        0.014820132850745956
0.9793379507211077        0.014813945768297782
0.97973255268547          0.014807873612362096
0.9801198079943627        0.014801914461399474
0.9804998534270003        0.01479606643483661
0.9808728232160566        0.014790327692281242
0.9812388490950763        0.014784696432720292
0.9815980603450043        0.014779170893702242
0.9819505838398468        0.014773749350502496
0.9822965440914836        0.014768430115272766
0.9826360632936469        0.01476321153617547
0.9829692613650788        0.014758091996502593
0.9832962559918881        0.014753069913781426
0.9836171626691168        0.014748143738867407
0.9839320947415324        0.014743311955025833
0.9842411634436631        0.014738573077003643
0.9845444779390842        0.014733925650093571
0.984842145358976         0.01472936824919173
0.9851342708399625        0.014724899477851085
0.9854209575612457        0.014720517967332512
0.9857023067810484        0.014716222375655886
0.9859784178723798        0.014712011386653002
0.9862493883581325        0.014707883709025003
0.9865153139455294        0.014703838075405947
0.9867762885599268        0.014699873241435192
0.9870324043779892        0.014695987984840753
0.9872837518602462        0.014692181104535611
0.9875304197830431        0.014688451419729381
0.9877724952698979        0.014684797769056984
0.988010063822271         0.014681219009726926
0.988243209349768         0.014677714016690286
0.9884720141997736        0.014674281681832841
0.9886965591865383        0.014670920913191743
0.9889169236197222        0.014667630634198106
0.9891331853324066        0.014664409782947037
0.9893454207085854        0.014661257311496523
0.9895537047101436        0.014658172185195882
0.9897581109033342        0.014655153382045026
0.9899587114847623        0.014652199892085268
0.9901555773068839        0.014649310716822263
0.9903487779030321        0.0146464848686814
0.990538381511977         0.014643721370496122
0.9907244551020256        0.014641019255029884
0.9909070643946769        0.014638377564530496
0.9910862738878348        0.014635795350317962
0.9912621468785875        0.014633271672404854
0.9914347454855661        0.014630805599149366
0.991604130670883         0.014628396206940068
0.9917703622616654        0.01462604257991177
0.9919334989711855        0.014623743809692495
0.992093598419598         0.014621498995179456
0.9922507171542926        0.014619307242344282
0.9924049106698656        0.014617167664065997
0.992556233427721         0.014615079379990813
0.9927047388753065        0.014613041516417218
0.9928504794649919        0.014611053206205753
0.9929935066725932        0.014609113588711836
0.9931338710155567        0.014607221809740558
0.9932716220707997        0.014605377021522085
0.9934068084922218        0.014603578382706154
0.9935394780278912        0.014601825058374672
0.9936696775369058        0.014600116220070784
0.9937974530059478        0.014598451045843338
0.9939228495655231        0.014596828720304846
0.9940459115059039        0.014595248434702533
0.9941666822927705        0.014593709387000144
0.994285204582564         0.01459221078197008
0.9944015202375527        0.014590751831294041
0.9945156703406182        0.014589331753671251
0.994627695209765         0.014587949774932678
0.9947376344123615        0.014586605128161147
0.9948455267791163        0.01458529705381469
0.9949514104177906        0.014584024799853205
0.9950553227266608        0.014582787621867384
0.9951573004077254        0.014581584783208267
0.99525737947967          0.014580415555117226
0.9953555952905878        0.014579279216854917
0.9954519825304655        0.014578175055829118
0.9955465752434348        0.014577102367720031
0.9956394068397987        0.014576060456602587
0.9957305101078298        0.014575048635065375
0.9958199172253527        0.01457406622432529
0.995907659771109         0.014573112554337363
0.9959937687359104        0.01457218696389952
0.9960782745335857        0.014571288800751817
0.9961612070117217        0.01457041742166938
0.996242595462207         0.014569572192549153
0.9963224686315763        0.014568752488490062
0.996400854731165         0.014567957693866318
0.9964777814470724        0.014567187202393174
0.9965532759499421        0.014566440417186303
0.996627364904557         0.014565716750812873
0.9967000744792577        0.014565015625335805
0.9967714303551862        0.014564336472350068
0.9968414577353557        0.014563678733011603
0.9969101813535526        0.014563041858058963
0.9969776254830718        0.014562425307826879
0.9970438139452915        0.014561828552252711
0.9971087701180856        0.014561251070875678
0.9971725169440817        0.0145606923528285
0.9972350769387638        0.014560151896822091
0.9972964721984251        0.01455962921112336
0.9973567244079731        0.01455912381352582
0.9974158548485872        0.014558635231314086
0.9974738844052368        0.014558163001221557
0.9975308335740569        0.014557706669381994
0.997586722469588         0.014557265791275042
0.9976415708318804        0.014556839931665911
0.997695398033466         0.014556428664539642
0.9977482230862014        0.014556031573029907
0.9978000646479819        0.014555648249342667
0.9978509410293331        0.014555278294675296
0.9979008701998769        0.014554921319130625
0.9979498697946785        0.014554576941626943
0.9979979571204759        0.014554244789804136
0.9980451491617917        0.014553924499925487
0.9980914625869326        0.014553615716776153
0.9981369137538774        0.014553318093558143
0.9981815187160527        0.014553031291782564
0.9982252932280049        0.014552754981158551
0.9982682527509638        0.014552488839479731
0.998310412458304         0.014552232552508516
0.9983517872409036        0.014551985813857776
0.9983923917124041        0.014551748324871057
0.9984322402143718        0.014551519794500811
0.9984713468213635        0.014551299939184942
0.9985097253458969        0.014551088482722446
0.9985473893433306        0.01455088515614783
0.9985843521166509        0.014550689697604275
0.9986206267211696        0.0145505018522163
0.9986562259691373        0.014550321371962126
0.9986911624342671        0.014550148015545227
0.9987254484561762        0.014549981548265738
0.9987590961447439        0.014549821741892028
0.9987921173843897        0.014549668374532195
0.9988245238382695        0.014549521230505716
0.9988563269523963        0.014549380100215545
0.998887537959683         0.014549244780020676
0.9989181678839084        0.014549115072109398
0.9989482275436125        0.014548990784373082
0.9989777275559166        0.014548871730281014
0.9990066783402737        0.014548757728755933
0.9990350901221489        0.014548648604050814
0.9990629729366299        0.014548544185626679
0.9990903366319734        0.01454844430803147
0.9991171908730815        0.0145483488107804
0.9991435451449161        0.01454825753823759
0.99916940875585          0.01454817033949901
0.9991947908409531        0.014548087068277111
0.9992197003652197        0.01454800758278671
0.9992441461267351        0.0145479317456326
0.9992681367597822        0.014547859423698802
0.9992916807378925        0.014547790488039468
0.9993147863768378        0.01454772481377136
0.999337461837568         0.014547662279968263
0.9993597151290933        0.014547602769556928
0.9993815541113126        0.014547546169214939
0.9994029864977907        0.014547492369270316
0.999424019858482         0.014547441263602984
0.9994446616224042        0.014547392749548116
0.9994649190802621        0.014547346727801051
0.9994847993870236        0.014547303102324334
0.9995043095644456        0.01454726178025659
0.9995234565035552        0.014547222671823061
0.9995422469670825        0.014547185690248099
0.9995606875918506        0.014547150751669574
0.9995787848911184        0.014547117775054946
0.9995965452568818        0.014547086682119337
0.9996139749621316        0.014547057397245204
0.9996310801630682        0.014547029847404165
0.9996478669012769        0.0145470039620803
0.9996643411058613        0.014546979673195343
0.9996805085955377        0.014546956915035516
0.9996963750806901        0.01454693562418047
0.999711946165387         0.014546915739433496
0.9997272273493617        0.014546897201753745
0.9997422240299532        0.014546879954189986
0.9997569415040141        0.014546863941816025
0.9997713849697805        0.01454684911166785
0.9997855595287078        0.01454683541268231
0.9997994701872743        0.0145468227956375
0.9998131218587473        0.014546811213094401
0.9998265193649196        0.014546800619340432
0.9998396674378126        0.014546790970334306
0.9998525707213474        0.014546782223652471
0.999865233772985         0.014546774338436702
0.9998776610653359        0.014546767275343736
0.9998898569877407        0.01454676099649571
0.9999018258478188        0.014546755465432167
0.9999135718729918        0.014546750647063502
0.9999250992119749        0.014546746507625769
0.9999364119362435        0.014546743014636536
0.9999475140414701        0.014546740136852252
0.9999584094489368        0.01454673784422663
0.9999691020069196        0.014546736107870453
0.9999795954920477        0.014546734900012423
0.9999898936106368        0.014546734193961262
1                         0.014546733964068817
