% Model:              RWGS_demo_CeO2_cycle1_CO2.mph
% Version:            COMSOL 5.6.0.341
% Date:               Jun 29 2022, 10:18
% Dimension:          1
% Nodes:              1386
% Expressions:        1
% Description:        Dependent variable u2
% X                       u2 (1) @ t=436.56
0                         0.024770983425072463
1.0106389363155493E-5     0.024770530087543922
2.0404507952446597E-5     0.024769148265795324
3.0897993080352014E-5     0.024766801363843023
4.159055106313618E-5      0.024763452428586526
5.248595852992239E-5      0.024759064205168976
6.358806375660837E-5      0.024753599196020014
7.490078802507985E-5      0.024747019723524492
8.642812700821763E-5      0.024739287996231263
9.817415218117173E-5      0.024730366178490046
1.1014301225941769E-4     0.024720216463378464
1.2233893466408478E-4     0.024708801148747118
1.347662270150932E-4      0.024696082716185522
1.4742927865260753E-4     0.02468202391268247
1.6033256218736384E-4     0.024666587834722146
1.734806350803981E-4      0.02464973801453472
1.868781412527545E-4      0.024631438508188087
2.0052981272572078E-4     0.02461165398518772
2.1444047129218845E-4     0.02459034981922325
2.286150302197191E-4      0.024567492179682744
2.4305849598591723E-4     0.024543048123538785
2.577759700467249E-4      0.024516985687189602
2.7277265063826804E-4     0.024489273977834066
2.8805383461287775E-4     0.02445988326394468
3.0362491930995233E-4     0.024428785064403435
3.194914044623004E-4      0.02439595223585935
3.3565889413866205E-4     0.02436135905787459
3.521330987230691E-4      0.024324981315431173
3.6891983693176727E-4     0.02428679637838055
3.860250378683926E-4      0.02424678327743613
4.034547431181436E-4      0.02420492277632552
4.212151088816756E-4      0.02416119743973954
4.3931240814948575E-4     0.02411559169674788
4.577530329175384E-4      0.024068091899368947
4.7654349644493264E-4     0.024018686376019324
4.956904355543938E-4      0.023967365479599618
5.152006129764119E-4      0.023914121630004413
5.350809197378479E-4      0.023858949350883302
5.553383775958558E-4      0.023801845300512093
5.759801415179802E-4      0.02374280829667226
5.970135022093011E-4      0.023681839335468538
6.184458886875241E-4      0.023618941604056823
6.402848709069204E-4      0.023554120487278188
6.625381624320483E-4      0.02348738356823702
6.852136231621974E-4      0.023418740622887183
7.083192621075152E-4      0.02334820360871835
7.318632402178076E-4      0.023275786647665817
7.558538732649938E-4      0.0232015060033869
7.802996347802566E-4      0.023125380053072388
8.052091590469014E-4      0.023047429253980685
8.30591244150007E-4       0.022967676104896098
8.564548550839145E-4      0.022886145102734713
8.82809126918689E-4       0.022802862694526548
9.096633680266289E-4      0.02271785722501842
9.370270633700102E-4      0.02263115888014715
9.649098778511818E-4      0.02254279962664114
9.933216597262328E-4      0.022452813148013555
0.0010222724440834042     0.022361234777209894
0.0010517724563875073     0.022268101426180166
0.0010818321160915663     0.022173451512643494
0.0011124620403169952     0.02207732488431257
0.0011436730476035732     0.021979762740843907
0.0011754761617305807     0.021880807553782133
0.0012078826156104062     0.021780502984758553
0.0012409038552560392     0.021678893802204866
0.0012745515438238114     0.0215760257968382
0.0013088375657328527     0.021471945696171557
0.0013437740308626775     0.02136670107829751
0.001379373278830424      0.021260340285191994
0.0014156478833492168     0.021152912335776902
0.0014526106566692355     0.0210444668389793
0.0014902746541030096     0.020935053907017866
0.001528653178636588      0.020824724069143447
0.001567759785628165      0.02071352818605303
0.0016076082875958668     0.020601517365194923
0.001648212759096342      0.02048874287717263
0.0016895875416959344     0.020375256073451146
0.00173174724903613       0.020261108305560722
0.0017747067719951367     0.02014635084598919
0.0018184812839473516     0.020031034810941366
0.0018630862461226372     0.019915211085141094
0.001908537413067235      0.019798930248839365
0.0019548508382083176     0.019682242507182823
0.002002042879524067      0.019565197622091007
0.0020501302053213557     0.019447844846774504
0.002099129800123006      0.019330232863022677
0.0021490589706667624     0.019212409721372017
0.0021999353520180506     0.01909442278425933
0.0022517769137987234     0.018976318672250064
0.002304601966533948      0.01885814321341945
0.0023584291681195226     0.01873994139595581
0.0024132775304118725     0.01862175732403442
0.0024691664259430686     0.018503634177007896
0.002526115594763242      0.01838561417193751
0.0025841451514127954     0.018267738529480215
0.0026432755920268976     0.018150047443135912
0.002703527801574751      0.018032580051839976
0.002764923061236195      0.017915374415879814
0.0028274830559182557     0.017798467496097467
0.00289122988191429       0.017681895136330283
0.0029561860547084357     0.017565692049028744
0.0030223745169281136     0.017449891803978393
0.003089818646447403      0.01733452682004432
0.003158542264644146      0.01721962835984285
0.0032285696448136974     0.017105226527239635
0.0032999255207422887     0.016991350267557947
0.0033726350954430555     0.01687802737038078
0.0034467240500577574     0.016765284474815508
0.003522218552927433      0.01665314707708772
0.003599145268835073      0.016541639540323082
0.0036775313684236813     0.01643078510637254
0.0037574045377929835     0.016320605909532326
0.003838792988278208      0.016211122992005313
0.003921725466414371      0.016102356320951593
0.004006231264089606      0.015994324806974502
0.004092340228891101      0.015887046323887263
0.004180082774647326      0.015780537729607448
0.004269489892170224      0.015674814888031654
0.004360593160201255      0.015569892691740462
0.004453424756565013      0.01546578508539273
0.004548017469534537      0.015362505089670969
0.004644404709412129      0.015260064825647731
0.004742620520329984      0.015158475539445122
0.004842699592274587      0.01505774762707197
0.004944677273339301      0.014957890659326189
0.005048589582209357      0.014858913406662348
0.005154473220883726      0.014760823863928706
0.0052623655876383145     0.014663629274890167
0.005372304790235109      0.014567336156460931
0.005484329659381879      0.014471950322578083
0.005598479762447276      0.01437747690766008
0.005714795417436066      0.014283920389598852
0.005833317707229548      0.014191284612244065
0.00595408849409604       0.014099572807347149
0.006077150434476774      0.014008787615938472
0.006202546994052162      0.013918931109120528
0.006330322463093984      0.013830004808263385
0.006460521972108746      0.013742009704597952
0.00659319150777789       0.013654946278206891
0.006728377929200352      0.013568814516416408
0.006866128984443262      0.01348361393159924
0.007006493327406631      0.013399343578400086
0.007149520535008036      0.013316002070398982
0.007295261124693224      0.013233587596230566
0.007443766572278972      0.013152097935178558
0.0075950893301344235     0.013071530472265771
0.007749282845707362      0.012991882212862602
0.007906401580401956      0.01291314979683363
0.008066501028814552      0.012835329512246627
0.008229637738334539      0.012758417308664356
0.008395869329116918      0.012682408810039562
0.008565254514433877      0.012607299327234808
0.008737853121412379      0.012533083870184931
0.00891372611216523       0.012459757159720725
0.009092935605322993      0.012387313639070216
0.009275544897974377      0.01231574748505325
0.009461618488022898      0.012245052618983163
0.0096512220969676        0.01217522271728897
0.009844422693116056      0.012106251221869238
0.010041288515237641      0.01203813135018796
0.010241889096665605      0.01197085610512273
0.010446295289856316      0.011904418284572445
0.010654579291414537      0.01183881049083262
0.01086681466759332       0.01177402513974481
0.011083076380277765      0.011710054469625756
0.011303440813461654      0.011646890549981446
0.011527985800226445      0.011584525290011107
0.011756790650231993      0.011522950446904153
0.011989936177728904      0.011462157633934772
0.012227504730102211      0.011402138328357361
0.012469580216956665      0.011342883879106324
0.012716248139753668      0.011284385514302726
0.012967595622010634      0.01122663434857224
0.013223711440073031      0.011169621390176899
0.013484686054470478      0.01111333754796448
0.0137506116418674        0.01105777363813878
0.014021582127620119      0.011002920390853916
0.014297693218951352      0.010948768456636879
0.014579042438754188      0.010895308412640537
0.014865729160037349      0.010842530768730752
0.015157854641023871      0.010790425973410811
0.015455522060915708      0.010738984419586334
0.01575883655633677       0.010688196450173089
0.01606790525846737       0.010638052363551573
0.01638283733088312       0.01058854241887087
0.016703744008111702      0.010539656841204932
0.017030738634921067      0.010491385826564264
0.017363936706353007      0.010443719546764409
0.017703455908516193      0.010396648154155409
0.0180494161601531        0.01035016178621289
0.0184019396549955        0.010304250569993637
0.018761150904923512      0.010258904626456386
0.019127176783943392      0.010214114074650699
0.01950014657299961       0.010169869035774558
0.01988019200563711       0.010126159637102904
0.020267447314529882      0.010082976015788359
0.020662049278892043      0.010040308322535822
0.0210641372727886        0.009998146725152954
0.021473853314362502      0.009956481411977757
0.02189134211599576       0.009915302595185383
0.02231675113542203       0.009874600513975994
0.022750230627808996      0.009834365437645263
0.023191933698828673      0.00979458766853869
0.023642016358734662      0.009755257544892553
0.02410063757746515       0.009716365443561893
0.024567959340791402      0.00967790178263821
0.02504414670753141       0.009639857023957277
0.025529367867848915      0.009602221675498988
0.026023794202658435      0.009564986293681167
0.0265276003441573        0.009528141485546903
0.027040964237506085      0.009491677910848876
0.027564067203679096      0.009455586284029895
0.028097094003507184      0.00941985737610188
0.028640232902935624      0.00938448201642406
0.029193675739519993      0.009349451094381057
0.029757617990183453      0.009314755560962146
0.030332258840259585      0.009280386430243068
0.030917801253844857      0.00924633478077077
0.03151445204548606       0.009212591756851627
0.0321224219532273        0.009179148569744763
0.03274192571304337       0.00914599649876182
0.03337318213468445       0.009113126892272169
0.034016414178960425      0.009080531168616544
0.034671849036490704      0.009048200816928424
0.03533971820794866       0.00901612739786526
0.036020257585827664      0.008984302544249523
0.0367137075377591        0.008952717961621073
0.037420312991410284      0.008921365428701297
0.03814032352099341       0.008890236797770349
0.038873993435415755      0.00885932399495937
0.03962158186810175       0.008828619020456556
0.040383352868519594      0.008798113948630275
0.04115957549544353       0.008767800928070054
0.04195052391198639       0.008737672181546011
0.04275647748243413       0.008707720005888571
0.04357772087091786       0.008677936771790766
0.04441454414195746       0.008648314923532541
0.04526724286291324       0.008618846978632085
0.04613611820838059       0.008589525527423229
0.04702147706656539       0.008560343232562212
0.047923632147677225      0.00853129282846653
0.04884290209437953       0.008502367120687391
0.049779611594334486      0.008473558985218949
0.050734091494883254      0.008444861367747037
0.0517066789199017        0.008416267282840798
0.052697704137735224      0.008387770189493538
0.0536972623407794        0.008359648170452965
0.05469682054382358       0.008332118619437738
0.05569637874686775       0.008305153287628833
0.05669593694991193       0.008278725521546636
0.057695495152956106      0.00825281034651729
0.05869505335600028       0.008227384388608261
0.05969461155904446       0.008202425761498981
0.060694169762088634      0.008177913952329537
0.06169372796513281       0.008153829715035813
0.06269328616817699       0.008130154972700402
0.06369284437122116       0.008106872728605883
0.06469240257426534       0.008083966985256097
0.06569196077730952       0.0080614226705879
0.06669151898035369       0.00803922557065168
0.06769107718339787       0.008017362268111774
0.06869063538644204       0.007995820085988363
0.06969019358948622       0.00797458703612829
0.0706897517925304        0.007953651771945298
0.07168930999557457       0.007933003545024169
0.07268886819861875       0.007912632165223601
0.07368842640166293       0.007892527963953098
0.0746879846047071        0.007872681760332303
0.07568754280775128       0.007853084829972563
0.07668710101079546       0.00783372887614615
0.07768665921383963       0.00781460600313136
0.07868621741688381       0.007795708691544729
0.07968577561992798       0.007777029775489712
0.08068533382297216       0.007758562421366048
0.08168489202601634       0.007740300108201176
0.08268445022906051       0.00772223660937706
0.08368400843210469       0.007704365975637721
0.08468356663514887       0.007686682519273916
0.08568312483819304       0.007669180799390449
0.08668268304123722       0.0076518556081702944
0.0876822412442814        0.007634701958057257
0.08868179944732557       0.007617715069786375
0.08968135765036975       0.007600890361196676
0.09068091585341392       0.007584223436767251
0.0916804740564581        0.007567710077822263
0.09268003225950228       0.007551346233355474
0.09367959046254645       0.0075351280114284245
0.09467914866559063       0.00751905167110113
0.0956787068686348        0.007503113614856576
0.09667826507167898       0.007487310381484133
0.09767782327472316       0.007471638639389553
0.09867738147776733       0.0074560951803017556
0.09967693968081151       0.007440676913349084
0.10067649788385569       0.007425380859479734
0.10167605608689986       0.007410204146203245
0.10267561428994404       0.00739514400263145
0.10367517249298822       0.007380197754798864
0.10467473069603239       0.007365362821244394
0.10567428889907657       0.0073506367088374165
0.10667384710212074       0.007336017008832201
0.10767340530516492       0.007321501393136358
0.1086729635082091        0.0073070876107796
0.10967252171125327       0.007292773484570399
0.11067207991429745       0.00727855690792889
0.11167163811734163       0.0072644358418849295
0.1126711963203858        0.007250408312231605
0.11367075452342998       0.007236472406824574
0.11467031272647416       0.007222626273018484
0.11566987092951833       0.0072088681152324635
0.11666942913256251       0.007195196192637032
0.11766898733560668       0.007181608816955351
0.11866854553865086       0.007168104350372155
0.11966810374169504       0.007154681203544194
0.12066766194473921       0.007141337833706669
0.12166722014778339       0.0071280727428698135
0.12266677835082757       0.0071148844761008394
0.12366633655387174       0.007101771619886513
0.12466589475691592       0.00708873280057198
0.1256654529599601        0.007075766682871611
0.12666501116300427       0.007062871968447601
0.12766456936604845       0.0070500473945535646
0.12866412756909262       0.007037291732738864
0.1296636857721368        0.0070246037876106615
0.13066324397518098       0.007011982395651028
0.13166280217822515       0.006999426424085843
0.13266236038126933       0.006986934769802871
0.1336619185843135        0.006974506358316776
0.13466147678735768       0.0069621401427782115
0.13566103499040186       0.006949835103025436
0.13666059319344603       0.006937590244675573
0.1376601513964902        0.006925404598254099
0.1386597095995344        0.006913277218360483
0.13965926780257856       0.006901207182868185
0.14065882600562274       0.006889193592157431
0.14165838420866692       0.0068772355683789765
0.1426579424117111        0.006865332254747838
0.14365750061475527       0.006853482814864932
0.14465705881779944       0.006841686432065933
0.14565661702084362       0.006829942308795616
0.1466561752238878        0.0068182496660065765
0.14765573342693197       0.00680660774258166
0.14865529162997615       0.006795015794778241
0.14965484983302033       0.0067834730956941106
0.1506544080360645        0.0067719789347532346
0.15165396623910868       0.00676053261721154
0.15265352444215285       0.006749133463680594
0.15365308264519703       0.006737780809669288
0.1546526408482412        0.006726474005142402
0.15565219905128538       0.006715212414095492
0.15665175725432956       0.006703995414144983
0.15765131545737374       0.006692822396133329
0.1586508736604179        0.006681692763748215
0.1596504318634621        0.0066706059331553495
0.16064999006650627       0.006659561332644476
0.16164954826955044       0.006648558402287608
0.16264910647259462       0.006637596593609136
0.1636486646756388        0.006626675369267755
0.16464822287868297       0.006615794202748994
0.16564778108172715       0.006604952578068556
0.16664733928477132       0.006594149989485586
0.1676468974878155        0.006583385941225601
0.16864645569085968       0.006572659947213016
0.16964601389390385       0.00656197153081223
0.17064557209694803       0.006551320224577528
0.1716451302999922        0.006540705570011159
0.17264468850303638       0.006530127117329443
0.17364424670608056       0.006519584425236193
0.17464380490912473       0.006509077060703932
0.1756433631121689        0.0064986045987615974
0.1766429213152131        0.006488166622289525
0.17764247951825726       0.006477762721820586
0.17864203772130144       0.006467392495347821
0.17964159592434562       0.006457055548137889
0.1806411541273898        0.006446751492550544
0.18164071233043397       0.006436479947863623
0.18264027053347814       0.006426240540103358
0.18363982873652232       0.0064160329018798645
0.1846393869395665        0.006405856672227865
0.18563894514261067       0.00639571149645193
0.18663850334565485       0.00638559702597649
0.18763806154869903       0.0063755129182004955
0.1886376197517432        0.006365458836355975
0.18963717795478738       0.006355434449371308
0.19063673615783155       0.0063454394317379505
0.19163629436087573       0.0063354734633816415
0.1926358525639199        0.006325536229536802
0.19363541076696408       0.006315627420624812
0.19463496897000826       0.006305746732135914
0.19563452717305244       0.006295893864514179
0.1966340853760966        0.006286068523045925
0.1976336435791408        0.006276270417751266
0.19863320178218496       0.006266499263278714
0.19963275998522914       0.006256754778802575
0.20063231818827332       0.00624703668792342
0.2016318763913175        0.006237344718571071
0.20263143459436167       0.006227678602910485
0.20363099279740585       0.0062180380772499325
0.20463055100045002       0.006208422881951945
0.2056301092034942        0.006198832761346454
0.20662966740653838       0.006189267463646388
0.20762922560958255       0.0061797267408654
0.20862878381262673       0.0061702103487379706
0.2096283420156709        0.006160718046641301
0.21062790021871508       0.006151249597519665
0.21162745842175926       0.006141804767810559
0.21262701662480343       0.006132383327372521
0.2136265748278476        0.0061229850494151465
0.21462613303089179       0.006113609710430822
0.21562569123393596       0.00610425709012816
0.21662524943698014       0.006094926971367227
0.21762480764002431       0.006085619140096152
0.2186243658430685        0.00607633338528962
0.21962392404611267       0.006067069498888817
0.22062348224915684       0.006057827275742813
0.22162304045220102       0.006048606513551427
0.2226225986552452        0.0060394070128095105
0.22362215685828937       0.006030228576752679
0.22462171506133355       0.006021071011304229
0.22562127326437773       0.006011934125023338
0.2266208314674219        0.006002817729054744
0.22762038967046608       0.005993721637079345
0.22861994787351025       0.005984645665266218
0.22961950607655443       0.00597558963222558
0.2306190642795986        0.005966553358963022
0.23161862248264278       0.005957536668834806
0.23261818068568696       0.005948539387504079
0.23361773888873114       0.005939561342898257
0.2346172970917753        0.0059306023651673635
0.2356168552948195        0.005921662286643217
0.23661641349786366       0.00591274094179983
0.23761597170090784       0.00590383816721436
0.23861552990395202       0.005894953801529177
0.2396150881069962        0.005886087685414883
0.24061464631004037       0.005877239661533867
0.24161420451308455       0.0058684095745049495
0.24261376271612872       0.005859597270868617
0.2436133209191729        0.005850802599053243
0.24461287912221708       0.005842025409341901
0.24561243732526125       0.005833265553839909
0.24661199552830543       0.005824522886443169
0.2476115537313496        0.005815797262807143
0.24861111193439378       0.005807088540316592
0.24961067013743796       0.005798396578055831
0.25061022834048213       0.005789721236779672
0.2516097865435263        0.005781062378885135
0.25260934474657043       0.005772419868383529
0.2536089029496146        0.005763793570873307
0.2546084611526587        0.0057551833535133875
0.2556080193557029        0.005746589084997176
0.256607577558747         0.005738010635526902
0.2576071357617912        0.00572944787678877
0.2586066939648353        0.005720900681928394
0.25960625216787947       0.005712368925526849
0.2606058103709236        0.005703852483577245
0.26160536857396777       0.005695351233461751
0.2626049267770119        0.0056868650539289994
0.26360448498005606       0.005678393825072093
0.2646040431831002        0.005669937428306997
0.26560360138614436       0.005661495746351355
0.2666031595891885        0.005653068663203654
0.26760271779223266       0.005644656064123123
0.2686022759952768        0.0056362578356095525
0.26960183419832096       0.005627873865383904
0.2706013924013651        0.005619504042369109
0.27160095060440925       0.00561114825667134
0.2726005088074534        0.00560280639956163
0.27360006701049755       0.005594478363457677
0.2745996252135417        0.0055861640419063805
0.27559918341658585       0.005577863329566321
0.27659874161963          0.005569576122190827
0.27759829982267414       0.005561302316611243
0.2785978580257183        0.005553041810720645
0.27959741622876244       0.005544794503457609
0.2805969744318066        0.005536560294790655
0.28159653263485074       0.0055283390857026795
0.2825960908378949        0.005520130778175776
0.28359564904093904       0.005511935275176447
0.2845952072439832        0.005503752480640886
0.28559476544702733       0.005495582299460716
0.2865943236500715        0.005487424637468931
0.28759388185311563       0.005479279401426054
0.2885934400561598        0.005471146499006601
0.2895929982592039        0.0054630258387856675
0.2905925564622481        0.005454917330226045
0.2915921146652922        0.005446820883665318
0.29259167286833637       0.005438736410303161
0.2935912310713805        0.005430663822189103
0.29459078927442467       0.005422603032210321
0.2955903474774688        0.005414553954079701
0.29658990568051297       0.0054065165023241615
0.2975894638835571        0.005398490592273134
0.29858902208660126       0.005390476140047099
0.2995885802896454        0.005382473062546739
0.30058813849268956       0.005374481277441767
0.3015876966957337        0.005366500703160401
0.30258725489877786       0.005358531258878705
0.303586813101822         0.005350572864510213
0.30458637130486615       0.005342625440695869
0.3055859295079103        0.005334688908793866
0.30658548771095445       0.005326763190869967
0.3075850459139986        0.005318848209687679
0.30858460411704275       0.005310943888698882
0.3095841623200869        0.005303050152034357
0.31058372052313105       0.00529516692449475
0.3115832787261752        0.005287294131541481
0.31258283692921934       0.005279431699287679
0.3135823951322635        0.005271579554489718
0.31458195333530764       0.005263737624538577
0.3155815115383518        0.0052559058374512125
0.31658106974139594       0.005248084121862416
0.3175806279444401        0.0052402724070166875
0.31858018614748423       0.005232470622759928
0.3195797443505284        0.005224678699531761
0.32057930255357253       0.0052168965683576825
0.3215788607566167        0.005209124160841554
0.32257841895966083       0.00520136140915777
0.323577977162705         0.005193608246044017
0.3245775353657491        0.005185864604794046
0.3255770935687933        0.005178130419250365
0.3265766517718374        0.005170405623797305
0.32757620997488157       0.005162690153353865
0.3285757681779257        0.005154983943367069
0.32957532638096987       0.005147286929805142
0.330574884584014         0.005139599049150891
0.33157444278705817       0.005131920238395156
0.3325740009901023        0.005124250435030428
0.33357355919314646       0.005116589577044453
0.3345731173961906        0.005108937602914122
0.33557267559923476       0.005101294451599195
0.3365722338022789        0.005093660062536285
0.33757179200532306       0.005086034375633022
0.3385713502083672        0.005078417331262061
0.33957090841141135       0.005070808870255345
0.3405704666144555        0.005063208933898559
0.34157002481749965       0.005055617463925221
0.3425695830205438        0.005048034402511492
0.34356914122358795       0.005040459692270571
0.3445686994266321        0.005032893276247344
0.34556825762967625       0.005025335097913121
0.3465678158327204        0.005017785101160512
0.34756737403576454       0.00501024323029825
0.3485669322388087        0.005002709430046061
0.34956649044185284       0.0049951836455298815
0.350566048644897         0.0049876658222767715
0.35156560684794114       0.004980155906210149
0.3525651650509853        0.004972653843645105
0.35356472325402943       0.004965159581283676
0.3545642814570736        0.004957673066210036
0.35556383966011773       0.0049501942458862165
0.3565633978631619        0.004942723068147482
0.35756295606620603       0.004935259481197838
0.3585625142692502        0.0049278034336057985
0.3595620724722943        0.00492035487429992
0.3605616306753385        0.004912913752564665
0.3615611888783826        0.004905480018036244
0.36256074708142677       0.00489805362069837
0.3635603052844709        0.004890634510878244
0.36455986348751507       0.004883222639242539
0.3655594216905592        0.004875817956793359
0.36655897989360336       0.004868420414864525
0.3675585380966475        0.004861029965117589
0.36855809629969166       0.004853646559537936
0.3695576545027358        0.004846270150431152
0.37055721270577996       0.004838900690419392
0.3715567709088241        0.004831538132437548
0.37255632911186826       0.004824182429729788
0.3735558873149124        0.00481683353584599
0.37455544551795655       0.004809491404638079
0.3755550037210007        0.004802155990256733
0.37655456192404485       0.004794827247147951
0.377554120127089         0.0047875051300496005
0.37855367833013315       0.004780189593988225
0.3795532365331773        0.0047728805942755265
0.38055279473622144       0.004765578086505361
0.3815523529392656        0.004758282026550398
0.38255191114230974       0.004750992370559034
0.3835514693453539        0.004743709074952288
0.38455102754839804       0.004736432096420605
0.3855505857514422        0.004729161391920917
0.38655014395448634       0.004721896918673669
0.3875497021575305        0.00471463863415977
0.38854926036057463       0.0047073864961176635
0.3895488185636188        0.004700140462540528
0.39054837676666293       0.004692900491673403
0.3915479349697071        0.004685666542010292
0.3925474931727512        0.004678438572291456
0.3935470513757954        0.004671216541500621
0.3945466095788395        0.004664000408862304
0.3955461677818837        0.004656790133839059
0.3965457259849278        0.004649585676128972
0.39754528418797197       0.00464238699566287
0.3985448423910161        0.004635194052601817
0.39954440059406027       0.004628006807334625
0.4005439587971044        0.004620825220475212
0.40154351700014856       0.0046136492528601625
0.4025430752031927        0.004606478865546283
0.40354263340623686       0.004599314019808122
0.404542191609281         0.004592154677135575
0.40554174981232516       0.004585000799231597
0.4065413080153693        0.0045778523480097
0.40754086621841346       0.004570709285591697
0.4085404244214576        0.004563571574305494
0.40953998262450175       0.004556439176682655
0.4105395408275459        0.0045493120554563095
0.41153909903059005       0.004542190173558842
0.4125386572336342        0.004535073494119713
0.41353821543667835       0.004527961980463315
0.4145377736397225        0.004520855596106875
0.41553733184276664       0.004513754304758236
0.4165368900458108        0.004506658070313738
0.41753644824885494       0.00449956685685634
0.4185360064518991        0.004492480628653352
0.41953556465494324       0.004485399350154601
0.4205351228579874        0.0044783229859902685
0.42153468106103154       0.0044712515009689546
0.4225342392640757        0.0044641848600757515
0.42353379746711983       0.004457123028470308
0.424533355670164         0.004450065971484838
0.42553291387320813       0.004443013654622357
0.4265324720762523        0.004435966043554621
0.4275320302792964        0.00442892310412043
0.4285315884823406        0.004421884802323768
0.4295311466853847        0.004414851104331839
0.4305307048884289        0.0044078219764734725
0.431530263091473         0.0044007973852371665
0.43252982129451717       0.004393777297269525
0.4335293794975613        0.004386761679373271
0.43452893770060547       0.004379750498505679
0.4355284959036496        0.004372743721776829
0.43652805410669376       0.004365741316447993
0.4375276123097379        0.004358743249929816
0.43852717051278206       0.004351749489780694
0.4395267287158262        0.004344760003705249
0.44052628691887036       0.004337774759552566
0.4415258451219145        0.004330793725314756
0.44252540332495865       0.004323816869125079
0.4435249615280028        0.004316844159256741
0.44452451973104695       0.0043098755641209525
0.4455240779340911        0.004302911052265633
0.44652363613713525       0.0042959505923738355
0.4475231943401794        0.004288994153262184
0.44852275254322355       0.004282041703879443
0.4495223107462677        0.004275093213304845
0.45052186894931184       0.004268148650746933
0.451521427152356         0.004261207985541811
0.45252098535540014       0.004254271187151783
0.4535205435584443        0.004247338225164031
0.45452010176148844       0.00424040906928907
0.4555196599645326        0.004233483689359337
0.45651921816757673       0.004226562055327928
0.4575187763706209        0.004219644137267036
0.45851833457366503       0.004212729905366757
0.4595178927767092        0.004205819329933605
0.46051745097975333       0.004198912381389258
0.4615170091827975        0.004192009030269152
0.4625165673858416        0.004185109247221095
0.4635161255888858        0.004178213003004187
0.4645156837919299        0.004171320268487367
0.46551524199497407       0.004164431014648123
0.4665148001980182        0.004157545212571214
0.46751435840106237       0.004150662833447405
0.4685139166041065        0.004143783848572293
0.46951347480715067       0.004136908229345018
0.4705130330101948        0.004130035947266969
0.47151259121323896       0.004123166973940657
0.4725121494162831        0.004116301281068343
0.47351170761932726       0.004109438840451025
0.4745112658223714        0.004102579623987126
0.47551082402541556       0.004095723603671365
0.4765103822284597        0.004088870751593579
0.47750994043150385       0.0040820210399374205
0.478509498634548         0.0040751744409794665
0.47950905683759215       0.0040683309270877835
0.4805086150406363        0.004061490470720994
0.48150817324368045       0.004054653044427051
0.4825077314467246        0.004047818620842128
0.48350728964976875       0.00404098717268952
0.4845068478528129        0.004034158672778525
0.48550640605585704       0.004027333094003343
0.4865059642589012        0.004020510409341983
0.48750552246194534       0.00401369059185519
0.4885050806649895        0.004006873614685395
0.48950463886803364       0.004000059451055552
0.4905041970710778        0.0039932480742682136
0.49150375527412193       0.003986439457704435
0.4925033134771661        0.003979633574822579
0.49350287168021023       0.003972830399157495
0.4945024298832544        0.003966029904319381
0.49550198808629853       0.003959232063992745
0.4965015462893427        0.003952436851935482
0.4975011044923868        0.003945644241977627
0.498500662695431         0.00393885420802076
0.4995002208984751        0.003932066724036564
0.5004997791015193        0.0039252817640660805
0.5014993373045635        0.003918499302218671
0.5024988955076077        0.003911719312671067
0.5034984537106519        0.003904941769666368
0.5044980119136961        0.0038981666475130265
0.5054975701167403        0.003891393920583957
0.5064971283197846        0.0038846235633155798
0.5074966865228288        0.0038778555502067473
0.508496244725873         0.0038710898558179264
0.5094958029289172        0.0038643264547702618
0.5104953611319614        0.0038575653217445623
0.5114949193350056        0.003850806431480387
0.5124944775380498        0.003844049758775138
0.513494035741094         0.0038372952784831308
0.5144935939441382        0.003830542965514697
0.5154931521471824        0.003823792794835224
0.5164927103502266        0.0038170447414643126
0.5174922685532708        0.0038102987804747883
0.518491826756315         0.0038035548869918894
0.5194913849593592        0.003796813036192323
0.5204909431624034        0.0037900732033033587
0.5214905013654476        0.0037833353636020153
0.5224900595684918        0.003776599492414048
0.523489617771536         0.00376986556511324
0.5244891759745802        0.003763133557120389
0.5254887341776244        0.003756403443902475
0.5264882923806686        0.003749675200971814
0.5274878505837128        0.0037429488038851835
0.528487408786757         0.0037362242282429348
0.5294869669898012        0.0037295014496881887
0.5304865251928454        0.00372278044390592
0.5314860833958897        0.0037160611866221376
0.5324856415989339        0.003709343653603076
0.5334851998019781        0.003702627820654241
0.5344847580050223        0.0036959136636196674
0.5354843162080665        0.003689201158381032
0.5364838744111107        0.003682490280856849
0.5374834326141549        0.003675781007001594
0.5384829908171991        0.0036690733128048967
0.5394825490202433        0.003662367174290718
0.5404821072232875        0.0036556625675164952
0.5414816654263317        0.0036489594685723244
0.5424812236293759        0.0036422578535801903
0.5434807818324201        0.003635557698693067
0.5444803400354643        0.0036288589800941087
0.5454798982385085        0.003622161673995908
0.5464794564415527        0.0036154657566396598
0.5474790146445969        0.0036087712042941937
0.5484785728476411        0.0036020779932554106
0.5494781310506853        0.0035953860998452756
0.5504776892537295        0.0035886955004111494
0.5514772474567737        0.0035820061713248623
0.5524768056598179        0.003575318088981972
0.5534763638628621        0.0035686312298009756
0.5544759220659063        0.0035619455702224673
0.5554754802689505        0.0035552610867083338
0.5564750384719948        0.0035485777557409783
0.557474596675039         0.003541895553822551
0.5584741548780832        0.003535214457474055
0.5594737130811274        0.0035285344432346316
0.5604732712841716        0.003521855487660736
0.5614728294872158        0.003515177567325329
0.56247238769026          0.0035085006588171314
0.5634719458933042        0.003501824738739741
0.5644715040963484        0.003495149783710888
0.5654710622993926        0.003488475770361676
0.5664706205024368        0.0034818026753357105
0.567470178705481         0.0034751304752883494
0.5684697369085252        0.0034684591468859298
0.5694692951115694        0.00346178866680493
0.5704688533146136        0.003455119011731155
0.5714684115176578        0.003448450158359012
0.572467969720702         0.003441782083390677
0.5734675279237462        0.0034351147635352922
0.5744670861267904        0.0034284481755082023
0.5754666443298346        0.0034217822960300967
0.5764662025328788        0.003415117101826279
0.577465760735923         0.003408452569625858
0.5784653189389672        0.0034017886761608983
0.5794648771420114        0.00339512539816566
0.5804644353450557        0.003388462712375805
0.5814639935480999        0.00338180059552763
0.5824635517511441        0.003375139024357123
0.5834631099541883        0.0033684779755993486
0.5844626681572325        0.0033618174259874983
0.5854622263602767        0.0033551573522521754
0.5864617845633209        0.0033484977311205267
0.5874613427663651        0.003341838539315458
0.5884609009694093        0.0033351797535548363
0.5894604591724535        0.003328521350550669
0.5904600173754977        0.0033218633070082617
0.5914595755785419        0.0033152055996254525
0.5924591337815861        0.0033085482050917566
0.5934586919846303        0.0033018911000875636
0.5944582501876745        0.0032952342612833246
0.5954578083907187        0.003288577665338691
0.5964573665937629        0.0032819212889017044
0.5974569247968071        0.003275265108608002
0.5984564829998513        0.0032686091010799764
0.5994560412028955        0.0032619532429258836
0.6004555994059397        0.003255297510739057
0.6014551576089839        0.0032486418810970565
0.6024547158120281        0.003241986330560844
0.6034542740150723        0.003235330835673937
0.6044538322181165        0.0032286753729615014
0.6054533904211608        0.0032220199189295622
0.606452948624205         0.0032153644500641757
0.6074525068272492        0.003208708942830444
0.6084520650302934        0.0032020533736718104
0.6094516232333376        0.0031953977190091287
0.6104511814363818        0.0031887419552396996
0.611450739639426         0.003182086058736544
0.6124502978424702        0.0031754300058474943
0.6134498560455144        0.003168773772894249
0.6144494142485586        0.003162117336171554
0.6154489724516028        0.003155460671946261
0.616448530654647         0.003148803756456477
0.6174480888576912        0.003142146565910671
0.6184476470607354        0.003135489076486699
0.6194472052637796        0.003128831264331016
0.6204467634668238        0.0031221731055576614
0.621446321669868         0.0031155145762473994
0.6224458798729122        0.003108855652446783
0.6234454380759564        0.0031021963101672337
0.6244449962790006        0.003095536525384063
0.6254445544820448        0.0030888762740356075
0.626444112685089         0.003082215532022272
0.6274436708881332        0.003075554275205534
0.6284432290911774        0.003068892479407022
0.6294427872942217        0.0030622301204075927
0.6304423454972659        0.0030555671739463143
0.6314419037003101        0.003048903615719454
0.6324414619033543        0.0030422394213796434
0.6334410201063985        0.0030355745665347524
0.6344405783094427        0.0030289090267469725
0.6354401365124869        0.003022242777531816
0.6364396947155311        0.0030155757943570766
0.6374392529185753        0.0030089080526418573
0.6384388111216195        0.0030022395277555032
0.6394383693246637        0.0029955701950166863
0.6404379275277079        0.002988900029692209
0.6414374857307521        0.0029822290069960993
0.6424370439337963        0.0029755571020885084
0.6434366021368405        0.0029688842900746806
0.6444361603398847        0.00296221054600386
0.6454357185429289        0.0029555358448682244
0.6464352767459731        0.002948860161601839
0.6474348349490173        0.002942183471079526
0.6484343931520615        0.002935505748115803
0.6494339513551057        0.0029288269674637513
0.6504335095581499        0.002922147103813915
0.6514330677611941        0.002915466131793187
0.6524326259642383        0.0029087840259636776
0.6534321841672825        0.0029021007608215073
0.6544317423703268        0.0028954163107957676
0.655431300573371         0.0028887306502472917
0.6564308587764152        0.002882043753467476
0.6574304169794594        0.002875355594677125
0.6584299751825036        0.00286866614802526
0.6594295333855478        0.0028619753875879063
0.660429091588592         0.002855283287366887
0.6614286497916362        0.002848589821288588
0.6624282079946804        0.002841894963202702
0.6634277661977246        0.0028351986868810743
0.6644273244007688        0.00282850096601636
0.665426882603813         0.0028218017742207393
0.6664264408068572        0.002815101085024695
0.6674259990099014        0.0028083988718757293
0.6684255572129456        0.0028016951081369715
0.6694251154159898        0.002794989767085935
0.670424673619034         0.002788282821913179
0.6714242318220782        0.0027815742457209225
0.6724237900251224        0.0027748640115217195
0.6734233482281666        0.0027681520922370807
0.6744229064312108        0.002761438460696088
0.675422464634255         0.0027547230896339805
0.6764220228372992        0.0027480059516907713
0.6774215810403434        0.002741287019409777
0.6784211392433876        0.0027345662652362053
0.6794206974464319        0.0027278436615156693
0.6804202556494761        0.0027211191804927637
0.6814198138525203        0.0027143927943095044
0.6824193720555645        0.0027076644750039357
0.6834189302586087        0.0027009341945084062
0.6844184884616529        0.0026942019246482454
0.6854180466646971        0.002687467637140088
0.6864176048677413        0.0026807313035903356
0.6874171630707855        0.0026739928954935188
0.6884167212738297        0.0026672523842308045
0.6894162794768739        0.002660509741068234
0.6904158376799181        0.0026537649371551593
0.6914153958829623        0.0026470179435225385
0.6924149540860065        0.0026402687310813156
0.6934145122890507        0.002633517270620585
0.6944140704920949        0.0026267635328060387
0.6954136286951391        0.0026200074881780875
0.6964131868981833        0.002613249107150187
0.6974127451012275        0.002606488360006959
0.6984123033042717        0.002599725216902497
0.6994118615073159        0.002592959647858481
0.7004114197103601        0.0025861916227622557
0.7014109779134043        0.002579421111365076
0.7024105361164485        0.002572648083280211
0.7034100943194928        0.0025658725079808964
0.704409652522537         0.002559094354798494
0.7054092107255812        0.0025523135929205083
0.7064087689286254        0.0025455301913886014
0.7074083271316696        0.0025387441190965303
0.7084078853347138        0.0025319553447881674
0.709407443537758         0.002525163837055344
0.7104070017408022        0.002518369564335843
0.7114065599438464        0.00251157249491125
0.7124061181468906        0.002504772596904732
0.7134056763499348        0.0024979698382789238
0.714405234552979         0.002491164186833785
0.7154047927560232        0.0024843556102041977
0.7164043509590674        0.002477544075857806
0.7174039091621116        0.0024707295510927266
0.7184034673651558        0.002463912003035136
0.7194030255682           0.002457091398637001
0.7204025837712442        0.0024502677046736488
0.7214021419742884        0.002443440887741316
0.7224017001773326        0.0024366109142547185
0.7234012583803768        0.0024297777504445296
0.724400816583421         0.0024229413623548584
0.7254003747864652        0.0024161017158407768
0.7263999329895094        0.0024092587765655368
0.7273994911925536        0.0024024125099980694
0.7283990493955979        0.0023955628814102898
0.7293986075986421        0.002388709855874327
0.7303981658016863        0.002381853398259846
0.7313977240047305        0.0023749934732311797
0.7323972822077747        0.0023681300452445403
0.7333968404108189        0.0023612630785451623
0.7343963986138631        0.0023543925371643237
0.7353959568169073        0.002347518384916428
0.7363955150199515        0.002340640585395957
0.7373950732229957        0.002333759101974514
0.7383946314260399        0.002326873897797616
0.7393941896290841        0.0023199849357816013
0.7403937478321283        0.002313092178610447
0.7413933060351725        0.00230619558873252
0.7423928642382167        0.0022992951283573194
0.7433924224412609        0.0022923907594519953
0.7443919806443051        0.0022854824437381566
0.7453915388473493        0.0022785701426883114
0.7463910970503935        0.0022716538175223742
0.7473906552534377        0.0022647334292041424
0.7483902134564819        0.002257808938437655
0.7493897716595261        0.0022508803056635494
0.7503893298625703        0.0022439474910553128
0.7513888880656145        0.002237010454515489
0.7523884462686588        0.0022300691556718937
0.753388004471703         0.002223123553873623
0.7543875626747472        0.002216173608187125
0.7553871208777914        0.0022092192773921467
0.7563866790808356        0.0022022605199776253
0.7573862372838798        0.0021952972941375088
0.758385795486924         0.0021883295577665566
0.7593853536899682        0.002181357268455972
0.7603849118930124        0.0021743803834889837
0.7613844700960566        0.0021673988598365328
0.7623840282991008        0.0021604126541525433
0.763383586502145         0.002153421722769426
0.7643831447051892        0.0021464260216933944
0.7653827029082334        0.0021394255065996064
0.7663822611112776        0.0021324201328273996
0.7673818193143218        0.002125409855375267
0.768381377517366         0.0021183946288958373
0.7693809357204102        0.0021113744076908508
0.7703804939234544        0.0021043491457058165
0.7713800521264986        0.002097318796524821
0.7723796103295428        0.002090283313365089
0.773379168532587         0.0020832426490714666
0.7743787267356312        0.0020761967561108785
0.7753782849386754        0.002069145586566572
0.7763778431417196        0.002062089092132368
0.7773774013447639        0.0020550272241068356
0.7783769595478081        0.0020479599333870935
0.7793765177508523        0.0020408871704627775
0.7803760759538965        0.0020338088854099036
0.7813756341569407        0.0020267250278843555
0.7823751923599849        0.0020196355471154837
0.7833747505630291        0.00201254039189954
0.7843743087660733        0.0020054395105928795
0.7853738669691175        0.0019983328511051796
0.7863734251721617        0.001991220360892427
0.7873729833752059        0.001984101986949792
0.7883725415782501        0.0019769776758044103
0.7893720997812943        0.0019698473735079505
0.7903716579843385        0.00196271102562909
0.7913712161873827        0.0019555685772458253
0.7923707743904269        0.0019484199729376287
0.7933703325934711        0.001941265156777428
0.7943698907965153        0.0019341040723234752
0.7953694489995595        0.0019269366626109958
0.7963690072026037        0.0019197628701436884
0.7973685654056479        0.0019125826368850498
0.7983681236086921        0.0019053959042495548
0.7993676818117363        0.0018982026130935506
0.8003672400147805        0.0018910027037060753
0.8013667982178247        0.0018837961157993966
0.802366356420869         0.0018765827884993287
0.8033659146239132        0.0018693626603354574
0.8043654728269574        0.0018621356692309612
0.8053650310300016        0.001854901752492329
0.8063645892330458        0.001847660846798754
0.80736414743609          0.0018404128881912914
0.8083637056391342        0.0018331578120617145
0.8093632638421784        0.0018258955531410095
0.8103628220452226        0.001818626045487607
0.8113623802482668        0.001811349222475153
0.812361938451311         0.0018040650167798543
0.8133614966543552        0.001796773360367304
0.8143610548573994        0.0017894741844787423
0.8153606130604436        0.0017821674196165185
0.8163601712634878        0.001774852995528768
0.817359729466532         0.0017675308411929337
0.8183592876695762        0.001760200884797967
0.8193588458726204        0.0017528630537247867
0.8203584040756646        0.001745517274524514
0.8213579622787088        0.0017381634728938248
0.822357520481753         0.0017308015736465043
0.8233570786847972        0.0017234315006799195
0.8243566368878414        0.0017160531769348942
0.8253561950908856        0.0017086665243465006
0.8263557532939299        0.0017012714637828165
0.827355311496974         0.001693867914967311
0.8283548697000183        0.0016864557963789874
0.8293544279030625        0.0016790350251222018
0.8303539861061067        0.001671605516755084
0.8313535443091509        0.0016641671850610366
0.8323531025121951        0.001656719941742039
0.8333526607152393        0.0016492636960040242
0.8343522189182835        0.0016417983539930006
0.8353517771213277        0.0016343238180241155
0.8363513353243719        0.0016268399855230429
0.8373508935274161        0.0016193467475662526
0.8383504517304603        0.0016118439868610414
0.8393500099335045        0.0016043315749414307
0.8403495681365487        0.0015968093687124194
0.8413491263395929        0.0015892772327941746
0.8423486845426371        0.0015817350835472014
0.8433482427456813        0.001574182836477636
0.8443478009487255        0.0015666204044702849
0.8453473591517697        0.0015590476984128168
0.8463469173548139        0.0015514646274226633
0.8473464755578581        0.0015438710988703013
0.8483460337609023        0.0015362670183917105
0.8493455919639465        0.0015286522898907192
0.8503451501669907        0.0015210268155355794
0.851344708370035         0.001513390495750799
0.8523442665730792        0.0015057432292053421
0.8533438247761234        0.001498084912797407
0.8543433829791676        0.001490415441636425
0.8553429411822118        0.0014827347090224671
0.856342499385256         0.0014750426064234024
0.8573420575883002        0.0014673390234498352
0.8583416157913444        0.001459623847828083
0.8593411739943886        0.001451896965371186
0.8603407321974328        0.0014441582599480911
0.861340290400477         0.001436407613450899
0.8623398486035212        0.001428644905760392
0.8633394068065654        0.0014208700147098378
0.8643389650096096        0.001413082816047112
0.8653385232126538        0.0014052831833950424
0.866338081415698         0.0013974709882098968
0.8673376396187422        0.0013896460997380252
0.8683371978217864        0.0013818083849707228
0.8693367560248306        0.0013739577085970127
0.8703363142278748        0.0013660939329546795
0.871335872430919         0.0013582169179791985
0.8723354306339632        0.001350326521150629
0.8733349888370074        0.0013424225974384258
0.8743345470400516        0.001334504999244081
0.8753341052430959        0.0013265735763415363
0.87633366344614          0.0013186281758152583
0.8773332216491843        0.0013106686419958901
0.8783327798522285        0.0013026948163935522
0.8793323380552727        0.001294706537628428
0.8803318962583169        0.0012867036413588338
0.8813314544613611        0.0012786859602063778
0.8823310126644053        0.001270653323678397
0.8833305708674495        0.001262605558087306
0.8843301290704937        0.0012545424864669158
0.8853296872735379        0.0012464639284854551
0.8863292454765821        0.0012383697003553018
0.8873288036796263        0.0012302596147391405
0.8883283618826705        0.0012221334806524998
0.8893279200857147        0.001213991103362452
0.8903274782887589        0.0012058322842823255
0.8913270364918031        0.0011976568208622463
0.8923265946948473        0.0011894645064753318
0.8933261528978915        0.0011812551302993008
0.8943257111009357        0.0011730284771932983
0.8953252693039799        0.0011647843275697594
0.8963248275070241        0.0011565224572609293
0.8973243857100683        0.0011482426373799945
0.8983239439131125        0.0011399446341763533
0.8993235021161567        0.001131628208884819
0.900323060319201         0.0011232931175684737
0.9013226185222452        0.0011149391109547828
0.9023221767252894        0.0011065659342646289
0.9033217349283336        0.001098173327033942
0.9043212931313778        0.0010897610229274237
0.905320851334422         0.0010813287495440643
0.9063204095374662        0.0010728762282138312
0.9073199677405104        0.0010644031737852247
0.9083195259435546        0.0010559092944029736
0.9093190841465988        0.0010473942912754945
0.910318642349643         0.0010388578584313525
0.9113182005526872        0.00103029968246424
0.9123177587557314        0.0010217194422655678
0.9133173169587756        0.0010131168087442037
0.9143168751618198        0.0010044914445323206
0.915316433364864         9.958430036766492E-4
0.9163159915679082        9.871711313142193E-4
0.9173155497709524        9.784754633316213E-4
0.9183151079739966        9.697556260066722E-4
0.9193146661770408        9.61011235631573E-4
0.920314224380085         9.522418981162305E-4
0.9213137825831292        9.434472085704559E-4
0.9223133407861734        9.346267508639241E-4
0.9233128989892176        9.257800971620577E-4
0.9243124571922618        9.169068074366168E-4
0.925312015395306         9.080064289491028E-4
0.9263115735983503        8.99078495705071E-4
0.9273111318013945        8.901225278776619E-4
0.9283106900044387        8.811380311976476E-4
0.9293102482074829        8.72124496308113E-4
0.9303098064105271        8.630813980807701E-4
0.9313093646135713        8.540081948912739E-4
0.9323089228166155        8.449043278501986E-4
0.9333084810196597        8.35769219986306E-4
0.9343080392227039        8.266022753783488E-4
0.9353075974257481        8.174028782310253E-4
0.9363071556287923        8.081703918908053E-4
0.9373067138318365        7.98904157796189E-4
0.9383062720348807        7.896034943573108E-4
0.9393058302379249        7.80267695758402E-4
0.9403053884409691        7.708960306766628E-4
0.9413049466440133        7.614877409100578E-4
0.9423045048470575        7.520420399059187E-4
0.9433040630501017        7.42558111181295E-4
0.9443036212531459        7.330351066250716E-4
0.9453031794561901        7.234721446707117E-4
0.9463027376592343        7.138683083271774E-4
0.9473022958622785        7.042226439889764E-4
0.948293321080098         6.946169708326882E-4
0.9492659085051165        6.851479890182251E-4
0.9502203884056653        6.758139411317018E-4
0.9511570979056202        6.666129083849706E-4
0.9520763678523225        6.575429842917587E-4
0.9529785229334343        6.486022862567844E-4
0.9538638817916192        6.397889583613873E-4
0.9547327571370865        6.311011717892761E-4
0.9555854558580423        6.225371246147721E-4
0.956422279129082         6.140950414211868E-4
0.9572435225175657        6.057731728782927E-4
0.9580494760880134        5.975697953148485E-4
0.9588404245045562        5.894832102962418E-4
0.9596166471314802        5.815117442099797E-4
0.960378418131898         5.736537478597461E-4
0.9611260065645841        5.659075960678607E-4
0.9618596764790064        5.58271687286314E-4
0.9625796870085895        5.507444432158945E-4
0.9632862924622406        5.433243084332808E-4
0.9639797424141721        5.360097500261625E-4
0.9646602817920512        5.287992572356459E-4
0.9653281509635091        5.216913411063527E-4
0.9659835858210395        5.146845341436814E-4
0.9666268178653152        5.07777389978005E-4
0.9672580742869563        5.009684830358138E-4
0.9678775780467725        4.942564082177287E-4
0.9684855479545137        4.8763978058269234E-4
0.9690821987461549        4.811172350387417E-4
0.9696677411597403        4.7468742604005583E-4
0.9702423820098163        4.6834902728974247E-4
0.9708063242604799        4.621007314487516E-4
0.9713597670970642        4.559412498504449E-4
0.9719029059964928        4.498693122206031E-4
0.9724359327963208        4.438836664031012E-4
0.972959035762494         4.379830780905171E-4
0.9734723996558425        4.321663305601871E-4
0.9739762057973415        4.2643222441503194E-4
0.9744706321321509        4.207795773293106E-4
0.9749558532924683        4.1520722379907867E-4
0.9754320406592083        4.097140148972107E-4
0.9758993624225346        4.0429881803290344E-4
0.9763579836412652        3.9896051671546806E-4
0.9768080663011712        3.936980103222816E-4
0.9772497693721909        3.885102138710022E-4
0.9776832488645777        3.8339605779552313E-4
0.9781086578840041        3.783544877259535E-4
0.9785261466856374        3.733844642722896E-4
0.9789358627272112        3.6848496281163324E-4
0.9793379507211077        3.6365497327920976E-4
0.97973255268547          3.588934999624694E-4
0.9801198079943627        3.541995612988643E-4
0.9804998534270003        3.4957218967680056E-4
0.9808728232160566        3.4501043123936917E-4
0.9812388490950763        3.405133456919968E-4
0.9815980603450043        3.360800061120739E-4
0.9819505838398468        3.317094987623784E-4
0.9822965440914836        3.2740092290680126E-4
0.9826360632936469        3.2315339062909175E-4
0.9829692613650788        3.189660266542057E-4
0.9832962559918881        3.1483796817235115E-4
0.9836171626691168        3.107683646654567E-4
0.9839320947415324        3.067563777364034E-4
0.9842411634436631        3.0280118094052884E-4
0.9845444779390842        2.989019596195282E-4
0.984842145358976         2.9505791073779273E-4
0.9851342708399625        2.9126824272086925E-4
0.9854209575612457        2.8753217529650177E-4
0.9857023067810484        2.838489393373897E-4
0.9859784178723798        2.8021777670652085E-4
0.9862493883581325        2.766379401044615E-4
0.9865153139455294        2.7310869291860773E-4
0.9867762885599268        2.6962930907468546E-4
0.9870324043779892        2.6619907288996506E-4
0.9872837518602462        2.6281727892889955E-4
0.9875304197830431        2.5948323186011923E-4
0.9877724952698979        2.5619624631574914E-4
0.988010063822271         2.5295564675246215E-4
0.988243209349768         2.4976076731427074E-4
0.9884720141997736        2.4661095169739805E-4
0.9886965591865383        2.435055530165487E-4
0.9889169236197222        2.4044393367322764E-4
0.9891331853324066        2.3742546522589805E-4
0.9893454207085854        2.3444952826132557E-4
0.9895537047101436        2.3151551226832E-4
0.9897581109033342        2.2862281551249737E-4
0.9899587114847623        2.257708449130632E-4
0.9901555773068839        2.2295901592132725E-4
0.9903487779030321        2.201867524002557E-4
0.990538381511977         2.174534865062908E-4
0.9907244551020256        2.1475865857234342E-4
0.9909070643946769        2.1210171699239847E-4
0.9910862738878348        2.094821181076615E-4
0.9912621468785875        2.0689932609432903E-4
0.9914347454855661        2.0435281285268326E-4
0.991604130670883         2.0184205789778757E-4
0.9917703622616654        1.9936654825165238E-4
0.9919334989711855        1.9692577833672236E-4
0.992093598419598         1.9451924987107905E-4
0.9922507171542926        1.9214647176455274E-4
0.9924049106698656        1.8980696001689583E-4
0.992556233427721         1.8750023761665308E-4
0.9927047388753065        1.8522583444224327E-4
0.9928504794649919        1.8298328716339894E-4
0.9929935066725932        1.8077213914464085E-4
0.9931338710155567        1.7859194035010548E-4
0.9932716220707997        1.7644224724925353E-4
0.9934068084922218        1.743226227240261E-4
0.9935394780278912        1.7223263597773323E-4
0.9936696775369058        1.7017186244440327E-4
0.9937974530059478        1.6813988370007865E-4
0.9939228495655231        1.6613628737495876E-4
0.9940459115059039        1.6416066706719705E-4
0.9941666822927705        1.6221262225720433E-4
0.994285204582564         1.602917582239633E-4
0.9944015202375527        1.583976859617534E-4
0.9945156703406182        1.5653002209873294E-4
0.994627695209765         1.5468838881626726E-4
0.9947376344123615        1.5287241376948956E-4
0.9948455267791163        1.5108173000886934E-4
0.9949514104177906        1.493159759032066E-4
0.9950553227266608        1.4757479506368598E-4
0.9951573004077254        1.4585783626838234E-4
0.99525737947967          1.4416475338886923E-4
0.9953555952905878        1.424952053169261E-4
0.9954519825304655        1.408488558930558E-4
0.9955465752434348        1.392253738354264E-4
0.9956394068397987        1.3762443267028443E-4
0.9957305101078298        1.36045710663039E-4
0.9958199172253527        1.3448889075054263E-4
0.995907659771109         1.3295366047431066E-4
0.9959937687359104        1.314397119147469E-4
0.9960782745335857        1.2994674162596196E-4
0.9961612070117217        1.2847445057247853E-4
0.996242595462207         1.2702254406498232E-4
0.9963224686315763        1.2559073169982835E-4
0.996400854731165         1.241787272964466E-4
0.9964777814470724        1.2278624883759E-4
0.9965532759499421        1.2141301841010082E-4
0.996627364904557         1.2005876214583351E-4
0.9967000744792577        1.1872321016410598E-4
0.9967714303551862        1.1740609651496818E-4
0.9968414577353557        1.1610715912262384E-4
0.9969101813535526        1.1482613973081389E-4
0.9969776254830718        1.1356278384759548E-4
0.9970438139452915        1.1231684069235381E-4
0.9971087701180856        1.1108806314236662E-4
0.9971725169440817        1.0987620768105093E-4
0.9972350769387638        1.0868103434597028E-4
0.9972964721984251        1.0750230667871629E-4
0.9973567244079731        1.0633979167489776E-4
0.9974158548485872        1.0519325973461609E-4
0.9974738844052368        1.0406248461412054E-4
0.9975308335740569        1.0294724337779509E-4
0.997586722469588         1.0184731635174874E-4
0.9976415708318804        1.0076248707616257E-4
0.997695398033466         9.969254226038063E-5
0.9977482230862014        9.863727173759652E-5
0.9978000646479819        9.759646841989465E-5
0.9978509410293331        9.656992825481738E-5
0.9979008701998769        9.55574501818024E-5
0.9979498697946785        9.455883608985952E-5
0.9979979571204759        9.357389077514693E-5
0.9980451491617917        9.26024218997956E-5
0.9980914625869326        9.164423995064669E-5
0.9981369137538774        9.069915819926062E-5
0.9981815187160527        8.976699266207654E-5
0.9982252932280049        8.884756206104416E-5
0.9982682527509638        8.79406877851817E-5
0.998310412458304         8.704619385231993E-5
0.9983517872409036        8.616390687124319E-5
0.9983923917124041        8.529365600540513E-5
0.9984322402143718        8.443527293527101E-5
0.9984713468213635        8.358859182289795E-5
0.9985097253458969        8.275344927631392E-5
0.9985473893433306        8.192968431408471E-5
0.9985843521166509        8.111713833099866E-5
0.9986206267211696        8.03156550636379E-5
0.9986562259691373        7.95250805567379E-5
0.9986911624342671        7.874526313014847E-5
0.9987254484561762        7.797605334582973E-5
0.9987590961447439        7.72173039751672E-5
0.9987921173843897        7.64688699675115E-5
0.9988245238382695        7.573060841853252E-5
0.9988563269523963        7.500237853877835E-5
0.998887537959683         7.428404162334521E-5
0.9989181678839084        7.357546102114361E-5
0.9989482275436125        7.287650210571314E-5
0.9989777275559166        7.218703224492416E-5
0.9990066783402737        7.150692077233177E-5
0.9990350901221489        7.083603895777709E-5
0.9990629729366299        7.017425998003561E-5
0.9990903366319734        6.95214588977342E-5
0.9991171908730815        6.887751262245251E-5
0.9991435451449161        6.824229989068415E-5
0.99916940875585          6.76157012377072E-5
0.9991947908409531        6.699759897004153E-5
0.9992197003652197        6.638787713997323E-5
0.9992441461267351        6.578642151918168E-5
0.9992681367597822        6.519311957284593E-5
0.9992916807378925        6.460786043494503E-5
0.9993147863768378        6.403053488299756E-5
0.999337461837568         6.346103531289003E-5
0.9993597151290933        6.289925571553563E-5
0.9993815541113126        6.234509165181517E-5
0.9994029864977907        6.179844022930015E-5
0.999424019858482         6.125920007865482E-5
0.9994446616224042        6.0727271330690924E-5
0.9994649190802621        6.0202555593117754E-5
0.9994847993870236        5.9684955927748816E-5
0.9995043095644456        5.917437682896537E-5
0.9995234565035552        5.867072420140751E-5
0.9995422469670825        5.8173905337046664E-5
0.9995606875918506        5.768382889540351E-5
0.9995787848911184        5.7200404881332374E-5
0.9995965452568818        5.672354462419104E-5
0.9996139749621316        5.6253160756805496E-5
0.9996310801630682        5.5789167196208244E-5
0.9996478669012769        5.533147912166216E-5
0.9996643411058613        5.488001295674718E-5
0.9996805085955377        5.443468634700762E-5
0.9996963750806901        5.399541814312567E-5
0.999711946165387         5.356212838044499E-5
0.9997272273493617        5.3134738260661096E-5
0.9997422240299532        5.271317013099762E-5
0.9997569415040141        5.229734746974119E-5
0.9997713849697805        5.188719486336259E-5
0.9997855595287078        5.1482637991838876E-5
0.9997994701872743        5.108360360979236E-5
0.9998131218587473        5.0690019528676044E-5
0.9998265193649196        5.0301814600230753E-5
0.9998396674378126        4.991891869793416E-5
0.9998525707213474        4.954126270148847E-5
0.999865233772985         4.91687784802206E-5
0.9998776610653359        4.880139887542341E-5
0.9998898569877407        4.8439057685383923E-5
0.9999018258478188        4.8081689649405294E-5
0.9999135718729918        4.772923043074288E-5
0.9999250992119749        4.738161660177853E-5
0.9999364119362435        4.703878562996936E-5
0.9999475140414701        4.670067586048236E-5
0.9999584094489368        4.636722650336901E-5
0.9999691020069196        4.6038377617462665E-5
0.9999795954920477        4.571407009630211E-5
0.9999898936106368        4.539424565421597E-5
1                         4.507884741174058E-5
