% Model:              RWGS_demo_CeO2_H2_1.mph
% Version:            COMSOL 5.6.0.341
% Date:               Jun 28 2022, 09:58
% Dimension:          1
% Nodes:              1386
% Expressions:        1
% Description:        Dependent variable u2
% X                       u2 (1) @ t=520.97
0                         0.12103878206063087
1.0106389363155493E-5     0.12093852506492207
2.0404507952446597E-5     0.12083673584171889
3.0897993080352014E-5     0.12073339700423838
4.159055106313618E-5      0.12062849114631652
5.248595852992239E-5      0.12052200086569573
6.358806375660837E-5      0.12041390877134843
7.490078802507985E-5      0.1203041974910051
8.642812700821763E-5      0.12019284967887955
9.817415218117173E-5      0.12007984802359084
1.1014301225941769E-4     0.1199651752562835
1.2233893466408478E-4     0.11984881415894418
1.347662270150932E-4      0.11973074757290694
1.4742927865260753E-4     0.11961095840755627
1.6033256218736384E-4     0.119489429649213
1.734806350803981E-4      0.11936614437020834
1.868781412527545E-4      0.11924108573814202
2.0052981272572078E-4     0.11911423702531745
2.1444047129218845E-4     0.11898558161835242
2.286150302197191E-4      0.11885510302796139
2.4305849598591723E-4     0.1187227848989031
2.577759700467249E-4      0.11858861102008983
2.7277265063826804E-4     0.11845256533485218
2.8805383461287775E-4     0.11831463195135367
3.0362491930995233E-4     0.11817479515314837
3.194914044623004E-4      0.11803303940987683
3.3565889413866205E-4     0.11788934938808962
3.521330987230691E-4      0.11774370996219372
3.6891983693176727E-4     0.11759610622551592
3.860250378683926E-4      0.11744652350146746
4.034547431181436E-4      0.11729494735481019
4.212151088816756E-4      0.11714136360300823
4.3931240814948575E-4     0.1169857583276592
4.577530329175384E-4      0.11682811788599524
4.7654349644493264E-4     0.11666842892243942
4.956904355543938E-4      0.1165066783802121
5.152006129764119E-4      0.11634285351297181
5.350809197378479E-4      0.11617694189648416
5.553383775958558E-4      0.11600893144029954
5.759801415179802E-4      0.11583881039943478
5.970135022093011E-4      0.11566656738604109
6.184458886875241E-4      0.11549219138104841
6.402848709069204E-4      0.11531567174577224
6.625381624320483E-4      0.11513699823346679
6.852136231621974E-4      0.11495616100081496
7.083192621075152E-4      0.11477315061933915
7.318632402178076E-4      0.11458795808671685
7.558538732649938E-4      0.11440057483798992
7.802996347802566E-4      0.11421099275664937
8.052091590469014E-4      0.11401920418558364
8.30591244150007E-4       0.11382520193787422
8.564548550839145E-4      0.11362897930742188
8.82809126918689E-4       0.11343053007939277
9.096633680266289E-4      0.11322984854046167
9.370270633700102E-4      0.11302692948884646
9.649098778511818E-4      0.11282176824410936
9.933216597262328E-4      0.11261436065671487
0.0010222724440834042     0.11240470311732972
0.0010517724563875073     0.11219279256584469
0.0010818321160915663     0.11197862650010851
0.0011124620403169952     0.11176220298435705
0.0011436730476035732     0.11154352065732007
0.0011754761617305807     0.11132257873999668
0.0012078826156104062     0.11109937704307933
0.0012409038552560392     0.11087391597401833
0.0012745515438238114     0.1106461965437092
0.0013088375657328527     0.11041622037278673
0.0013437740308626775     0.11018398969752188
0.001379373278830424      0.10994950737530115
0.0014156478833492168     0.1097127768896776
0.0014526106566692355     0.10947380235498708
0.0014902746541030096     0.10923258852051157
0.001528653178636588      0.10898914077418331
0.001567759785628165      0.10874346514581881
0.0016076082875958668     0.10849556830987479
0.001648212759096342      0.10824545758771453
0.0016895875416959344     0.10799314094938076
0.00173174724903613       0.10773862701486173
0.0017747067719951367     0.10748192505484996
0.0018184812839473516     0.1072230449909876
0.0018630862461226372     0.10696199739558626
0.001908537413067235      0.10669879349082526
0.0019548508382083176     0.10643344514742156
0.002002042879524067      0.10616596488276717
0.0020501302053213557     0.10589636585853407
0.002099129800123006      0.10562466187774672
0.0021490589706667624     0.10535086738131863
0.0021999353520180506     0.10507499744405568
0.0022517769137987234     0.1047970677701305
0.002304601966533948      0.10451709468802214
0.0023584291681195226     0.10423509514493441
0.0024132775304118725     0.10395108670068953
0.0024691664259430686     0.10366508752110529
0.002526115594763242      0.10337711637086136
0.0025841451514127954     0.10308719260586027
0.0026432755920268976     0.102795336165091
0.002703527801574751      0.10250156756200379
0.002764923061236195      0.10220590787540651
0.0028274830559182557     0.10190837873988881
0.00289122988191429       0.10160900233578785
0.0029561860547084357     0.10130780137870664
0.0030223745169281136     0.10100479910859539
0.003089818646447403      0.10070001927841032
0.003158542264644146      0.10039348614236146
0.0032285696448136974     0.1000852244437673
0.0032999255207422887     0.0997752594025236
0.0033726350954430555     0.09946361670221388
0.0034467240500577574     0.09915032247686087
0.003522218552927433      0.09883540329735079
0.003599145268835073      0.0985188861575361
0.0036775313684236813     0.09820079846004193
0.0037574045377929835     0.09788116800178727
0.003838792988278208      0.09756002295924157
0.003921725466414371      0.09723739187343702
0.004006231264089606      0.0969133036347507
0.004092340228891101      0.096587787467478
0.004180082774647326      0.0962608729142154
0.004269489892170224      0.09593258982007283
0.004360593160201255      0.09560296831673354
0.004453424756565013      0.09527203880638
0.004548017469534537      0.09493983194550698
0.004644404709412129      0.0946063786286396
0.004742620520329984      0.09427170997197726
0.004842699592274587      0.09393585729697912
0.004944677273339301      0.09359885211391486
0.005048589582209357      0.09326072610539675
0.005154473220883726      0.09292151110990829
0.0052623655876383145     0.09258123910535862
0.005372304790235109      0.09223994219266746
0.005484329659381879      0.09189765257940824
0.005598479762447276      0.09155440256352074
0.005714795417436066      0.09121022451711722
0.005833317707229548      0.09086515087039146
0.00595408849409604       0.09051921409565154
0.006077150434476774      0.09017244669149099
0.006202546994052162      0.08982488116711373
0.006330322463093984      0.08947655002683039
0.006460521972108746      0.08912748575473481
0.00659319150777789       0.08877772079957982
0.006728377929200352      0.08842728755986465
0.006866128984443262      0.0880762183691451
0.007006493327406631      0.08772454548158137
0.007149520535008036      0.08737230105773228
0.007295261124693224      0.08701951715060935
0.007443766572278972      0.0866662256920023
0.0075950893301344235     0.08631245847908178
0.007749282845707362      0.08595824716129138
0.007906401580401956      0.08560362322754153
0.008066501028814552      0.08524861799370421
0.008229637738334539      0.08489326259042317
0.008395869329116918      0.08453758795124702
0.008565254514433877      0.08418162480108521
0.008737853121412379      0.08382540364499884
0.00891372611216523       0.08346895475732863
0.009092935605322993      0.0831123081711651
0.009275544897974377      0.08275549366816476
0.009461618488022898      0.08239854076871368
0.0096512220969676        0.08204147872244683
0.009844422693116056      0.08168433649911862
0.010041288515237641      0.08132714277982968
0.010241889096665605      0.08096992594861305
0.010446295289856316      0.08061271408437468
0.010654579291414537      0.08025553495319344
0.01086681466759332       0.07989841600097888
0.011083076380277765      0.07954138434648325
0.011303440813461654      0.0791844667746712
0.011527985800226445      0.07882768973043953
0.011756790650231993      0.07847107931269157
0.011989936177728904      0.07811466126875627
0.012227504730102211      0.07775846098915554
0.012469580216956665      0.07740250350271044
0.012716248139753668      0.0770468134719885
0.012967595622010634      0.07669141518908244
0.013223711440073031      0.07633633257172052
0.013484686054470478      0.07598158915969927
0.0137506116418674        0.07562720811163748
0.014021582127620119      0.07527321220204486
0.014297693218951352      0.07491962381869763
0.014579042438754188      0.0745664649603186
0.014865729160037349      0.07421375723455444
0.015157854641023871      0.07386152185624262
0.015455522060915708      0.07350977964596193
0.01575883655633677       0.07315855102886559
0.01606790525846737       0.07280785603377812
0.01638283733088312       0.07245771429256131
0.016703744008111702      0.07210814503973798
0.017030738634921067      0.07175916711236197
0.017363936706353007      0.07141079895013563
0.017703455908516193      0.07106305859575977
0.0180494161601531        0.0707159636955143
0.0184019396549955        0.07036953150005743
0.018761150904923512      0.07002377886544334
0.019127176783943392      0.06967872225434146
0.01950014657299961       0.06933437773745782
0.01988019200563711       0.06899076099514789
0.020267447314529882      0.06864788731921156
0.020662049278892043      0.0683057716148682
0.0210641372727886        0.06796442840289951
0.021473853314362502      0.06762387182195481
0.02189134211599576       0.0672841156310145
0.02231675113542203       0.06694517321199575
0.022750230627808996      0.06660705757250518
0.023191933698828673      0.06626978134872369
0.023642016358734662      0.0659333568084168
0.02410063757746515       0.06559779585406594
0.024567959340791402      0.0652631100261163
0.02504414670753141       0.06492931050632769
0.025529367867848915      0.06459640812122716
0.026023794202658435      0.06426441334565805
0.0265276003441573        0.06393333630641401
0.027040964237506085      0.06360318678595554
0.027564067203679096      0.06327397422620237
0.028097094003507184      0.06294570773239525
0.028640232902935624      0.06261839607702172
0.029193675739519993      0.06229204770380044
0.029757617990183453      0.06196667073171663
0.030332258840259585      0.06164227295910625
0.030917801253844857      0.061318861867780516
0.03151445204548606       0.06099644462718702
0.0321224219532273        0.060675028098602965
0.03274192571304337       0.060354618839352066
0.03337318213468445       0.060035223107044296
0.034016414178960425      0.05971684686382967
0.034671849036490704      0.05939949578066262
0.03533971820794866       0.05908317524157073
0.036020257585827664      0.05876789034792209
0.0367137075377591        0.05845364592268622
0.037420312991410284      0.05814044651467942
0.03814032352099341       0.05782829640278914
0.038873993435415755      0.057517199600166644
0.03962158186810175       0.05720715985837965
0.040383352868519594      0.05689818067150755
0.04115957549544353       0.05659026528016694
0.04195052391198639       0.056283416675442656
0.04275647748243413       0.05597763760269828
0.04357772087091786       0.05567293056522539
0.04441454414195746       0.0553692978276813
0.04526724286291324       0.05506674141924465
0.04613611820838059       0.05476526313639063
0.04702147706656539       0.054464864545148726
0.047923632147677225      0.054165546982652156
0.04884290209437953       0.05386731155770634
0.049779611594334486      0.05357015914999311
0.050734091494883254      0.05327409040735808
0.0517066789199017        0.05297910574041717
0.052697704137735224      0.0526852092222688
0.0536972623407794        0.05239534172926248
0.05469682054382358       0.052111802901926726
0.05569637874686775       0.051834347111895065
0.05669593694991193       0.05156274219964667
0.057695495152956106      0.0512967685439656
0.05869505335600028       0.0510362181930573
0.05969461155904446       0.050780894068721244
0.060694169762088634      0.050530609236393
0.06169372796513281       0.05028518623467215
0.06269328616817699       0.05004445645866254
0.06369284437122116       0.049808259592066834
0.06469240257426534       0.049576443083519675
0.06569196077730952       0.049348861663122454
0.06669151898035369       0.049125376895564135
0.06769107718339787       0.048905856766581074
0.06869063538644204       0.0486901752998424
0.06969019358948622       0.04847821220163444
0.0706897517925304        0.04826985253097876
0.07168930999557457       0.048064986393049756
0.07268886819861875       0.04786350865395925
0.07368842640166293       0.047665318675161286
0.0746879846047071        0.047470320065894
0.07568754280775128       0.04727842045222026
0.07668710101079546       0.04708953126135876
0.07768665921383963       0.046903567520119524
0.07868621741688381       0.046720447666359
0.07968577561992798       0.04654009337246734
0.08068533382297216       0.04636242937998565
0.08168489202601634       0.04618738334452898
0.08268445022906051       0.0460148856902594
0.08368400843210469       0.04584486947322006
0.08468356663514887       0.04567727025289371
0.08568312483819304       0.04551202597140482
0.08668268304123722       0.04534907683983104
0.0876822412442814        0.04518836523113073
0.08868179944732557       0.0450298355792353
0.08968135765036975       0.04487343428388694
0.09068091585341392       0.04471910962083901
0.0916804740564581        0.044566811657061674
0.09268003225950228       0.044416492170626085
0.09367959046254645       0.04426810457496174
0.09467914866559063       0.04412160384720809
0.0956787068686348        0.04397694646039768
0.09667826507167898       0.04383409031923179
0.09767782327472316       0.043692994699222124
0.09867738147776733       0.04355362018899346
0.09967693968081151       0.04341592863555187
0.10067649788385569       0.043279883092340043
0.10167605608689986       0.04314544776991172
0.10267561428994404       0.04301258798907145
0.10367517249298822       0.04288127013633217
0.10467473069603239       0.04275146162155675
0.10567428889907657       0.04262313083765837
0.10667384710212074       0.04249624712223974
0.10767340530516492       0.04237078072106182
0.1086729635082091        0.04224670275324059
0.10967252171125327       0.04212398517807478
0.11067207991429745       0.042002600763412445
0.11167163811734163       0.04188252305547613
0.1126711963203858        0.04176372635006373
0.11367075452342998       0.04164618566505374
0.11467031272647416       0.041529876714142794
0.11566987092951833       0.0414147758817528
0.11666942913256251       0.0413008601990444
0.11766898733560668       0.04118810732098083
0.11866854553865086       0.04107649550438548
0.11966810374169504       0.040966003586945327
0.12066766194473921       0.040856610967110144
0.12166722014778339       0.04074829758484322
0.12266677835082757       0.04064104390318037
0.12366633655387174       0.04053483089055833
0.12466589475691592       0.040429640003872905
0.1256654529599601        0.04032545317223379
0.12666501116300427       0.040222252781379544
0.12766456936604845       0.04012002165872239
0.12866412756909262       0.040018743058994125
0.1296636857721368        0.03991840065046154
0.13066324397518098       0.03981897850168757
0.13166280217822515       0.03972046106881047
0.13266236038126933       0.03962283318331933
0.1336619185843135        0.03952608004030055
0.13466147678735768       0.03943018718713594
0.13566103499040186       0.039335140512631143
0.13666059319344603       0.039240926236554494
0.1376601513964902        0.03914753089956871
0.1386597095995344        0.03905494135353832
0.13965926780257856       0.03896314475219599
0.14065882600562274       0.03887212854215037
0.14165838420866692       0.038781880454223275
0.1426579424117111        0.0386923884951015
0.14365750061475527       0.03860364093928749
0.14465705881779944       0.038515626321339425
0.14565661702084362       0.03842833342838546
0.1466561752238878        0.03834175129290326
0.14765573342693197       0.03825586918575199
0.14865529162997615       0.03817067660944716
0.14965484983302033       0.03808616329166739
0.1506544080360645        0.038002319178985215
0.15165396623910868       0.0379191344308111
0.15265352444215285       0.03783659941354353
0.15365308264519703       0.037754704694915445
0.1546526408482412        0.03767344103853124
0.15565219905128538       0.037592799398584106
0.15665175725432956       0.03751277091474907
0.15765131545737374       0.03743334690724323
0.1586508736604179        0.037354518872048006
0.1596504318634621        0.037276278476286034
0.16064999006650627       0.03719861755374682
0.16164954826955044       0.037121528100556814
0.16264910647259462       0.037045002270986865
0.1636486646756388        0.036969032373391775
0.16464822287868297       0.03689361086627971
0.16564778108172715       0.03681873035450258
0.16664733928477132       0.03674438358556621
0.1676468974878155        0.03667056344605439
0.16864645569085968       0.03659726295816186
0.16964601389390385       0.03652447527633554
0.17064557209694803       0.03645219368401563
0.1716451302999922        0.03638041159047668
0.17264468850303638       0.03630912252776265
0.17364424670608056       0.03623832014771421
0.17464380490912473       0.036167998219084174
0.1756433631121689        0.03609815062473755
0.1766429213152131        0.03602877135893558
0.17764247951825726       0.03595985452469674
0.17864203772130144       0.035891394331236545
0.17964159592434562       0.035823385091480586
0.1806411541273898        0.0357558212196482
0.18164071233043397       0.03568869722890634
0.18264027053347814       0.035622007729090195
0.18363982873652232       0.03555574742448742
0.1846393869395665        0.0354899111116851
0.18563894514261067       0.03542449367747762
0.18663850334565485       0.035359490096831314
0.18763806154869903       0.0352948954309067
0.1886376197517432        0.03523070482513502
0.18963717795478738       0.03516691350734693
0.19063673615783155       0.03510351678595282
0.19163629436087573       0.03504051004817166
0.1926358525639199        0.03497788875830858
0.19363541076696408       0.03491564845607811
0.19463496897000826       0.03485378475497261
0.19563452717305244       0.03479229334067342
0.1966340853760966        0.034731169969504434
0.1976336435791408        0.034670410466926246
0.19863320178218496       0.03461001072607013
0.19963275998522914       0.03454996670630979
0.20063231818827332       0.034490274431869195
0.2016318763913175        0.03443092999046869
0.20263143459436167       0.03437192953200377
0.20363099279740585       0.03431326926725792
0.20463055100045002       0.034254945466649325
0.2056301092034942        0.034196954459008166
0.20662966740653838       0.03413929263038458
0.20762922560958255       0.03408195642288786
0.20862878381262673       0.03402494233355269
0.2096283420156709        0.03396824691323511
0.21062790021871508       0.03391186676553511
0.21162745842175926       0.033855798545745136
0.21262701662480343       0.033800038959826334
0.2136265748278476        0.03374458476340633
0.21462613303089179       0.03368943276080491
0.21562569123393596       0.03363457980408108
0.21662524943698014       0.03358002279210369
0.21762480764002431       0.03352575866964398
0.2186243658430685        0.03347178442648986
0.21962392404611267       0.03341809709658156
0.22062348224915684       0.03336469375716713
0.22162304045220102       0.03331157152797777
0.2226225986552452        0.033258727570422954
0.22362215685828937       0.03320615908680431
0.22462171506133355       0.03315386331954673
0.22562127326437773       0.033101837550448564
0.2266208314674219        0.03305007909994778
0.22762038967046608       0.03299858532640619
0.22861994787351025       0.03294735362540856
0.22961950607655443       0.03289638142907896
0.2306190642795986        0.03284566620541193
0.23161862248264278       0.03279520545761844
0.23261818068568696       0.032744996723486866
0.23361773888873114       0.03269503757475839
0.2346172970917753        0.032645325616515425
0.2356168552948195        0.03259585848658492
0.23661641349786366       0.03254663385495316
0.23761597170090784       0.032497649423194885
0.23861552990395202       0.03244890292391428
0.2396150881069962        0.03240039212019746
0.24061464631004037       0.03235211480507807
0.24161420451308455       0.03230406880101315
0.24261376271612872       0.032256251959371526
0.2436133209191729        0.032208662159932414
0.24461287912221708       0.03216129731039405
0.24561243732526125       0.032114155345894395
0.24661199552830543       0.03206723422854098
0.2476115537313496        0.03202053194694955
0.24861111193439378       0.031974046515795135
0.24961067013743796       0.03192777597536982
0.25061022834048213       0.031881718391151385
0.2516097865435263        0.03183587185337988
0.25260934474657043       0.031790234476643586
0.2536089029496146        0.031744804399473484
0.2546084611526587        0.031699579783945275
0.2556080193557029        0.031654558815290335
0.256607577558747         0.03160973970151426
0.2576071357617912        0.031565120673023084
0.2586066939648353        0.03152069998225716
0.25960625216787947       0.031476475903332246
0.2606058103709236        0.03143244673168777
0.26160536857396777       0.031388610783742624
0.2626049267770119        0.031344966396556616
0.26360448498005606       0.03130151192750008
0.2646040431831002        0.0312582457539291
0.26560360138614436       0.03121516627286653
0.2666031595891885        0.03117227190069101
0.26760271779223266       0.031129561072830794
0.2686022759952768        0.031087032243463167
0.26960183419832096       0.031044683885220907
0.2706013924013651        0.03100251448890364
0.27160095060440925       0.030960522563194558
0.2726005088074534        0.03091870663438337
0.27360006701049755       0.030877065246093332
0.2745996252135417        0.03083559695901493
0.27559918341658585       0.03079430035064329
0.27659874161963          0.0307531740150211
0.27759829982267414       0.03071221656248656
0.2785978580257183        0.03067142661942568
0.27959741622876244       0.03063080282802959
0.2805969744318066        0.030590343846055648
0.28159653263485074       0.030550048346593604
0.2825960908378949        0.030509915017836394
0.28359564904093904       0.030469942562853975
0.2845952072439832        0.030430129699372435
0.28559476544702733       0.030390475159556465
0.2865943236500715        0.030350977689796117
0.28759388185311563       0.030311636050497415
0.2885934400561598        0.0302724490158765
0.2895929982592039        0.03023341537375799
0.2905925564622481        0.030194533925376073
0.2915921146652922        0.0301558034851801
0.29259167286833637       0.030117222880643287
0.2935912310713805        0.030078790952074462
0.29459078927442467       0.030040506552433892
0.2955903474774688        0.030002368547151458
0.29658990568051297       0.029964375813948792
0.2975894638835571        0.02992652724266432
0.29858902208660126       0.029888821735081023
0.2995885802896454        0.02985125820475753
0.30058813849268956       0.02981383557686223
0.3015876966957337        0.029776552788009766
0.30258725489877786       0.029739408786101075
0.303586813101822         0.029702402530165484
0.30458637130486615       0.029665532990205672
0.3055859295079103        0.02962879914704586
0.30658548771095445       0.02959219999218175
0.3075850459139986        0.029555734527633472
0.30858460411704275       0.02951940176580087
0.3095841623200869        0.029483200729321618
0.31058372052313105       0.029447130450930892
0.3115832787261752        0.029411189973324182
0.31258283692921934       0.029375378349022062
0.3135823951322635        0.029339694640237036
0.31458195333530764       0.0293041379187432
0.3155815115383518        0.02926870726574711
0.31658106974139594       0.029233401771761952
0.3175806279444401        0.029198220536482626
0.31858018614748423       0.029163162668663624
0.3195797443505284        0.029128227285998513
0.32057930255357253       0.029093413515001755
0.3215788607566167        0.02905872049089219
0.32257841895966083       0.02902414735747825
0.323577977162705         0.028989693267045175
0.3245775353657491        0.028955357380244476
0.3255770935687933        0.028921138865984512
0.3265766517718374        0.028887036901322754
0.32757620997488157       0.028853050671360608
0.3285757681779257        0.02881917936913915
0.32957532638096987       0.028785422195536692
0.330574884584014         0.028751778359167982
0.33157444278705817       0.02871824707628505
0.3325740009901023        0.028684827570679694
0.33357355919314646       0.02865151907358734
0.3345731173961906        0.028618320823592114
0.33557267559923476       0.02858523206653411
0.3365722338022789        0.02855225205541742
0.33757179200532306       0.02851938005031992
0.3385713502083672        0.02848661531830434
0.33957090841141135       0.028453957133330952
0.3405704666144555        0.02842140477617105
0.34157002481749965       0.028388957534322155
0.3425695830205438        0.02835661470192445
0.34356914122358795       0.02832437557967863
0.3445686994266321        0.028292239474764662
0.34556825762967625       0.028260205700761598
0.3465678158327204        0.02822827357756971
0.34756737403576454       0.028196442431332257
0.3485669322388087        0.028164711594359546
0.34956649044185284       0.02813308040505353
0.350566048644897         0.028101548207834004
0.35156560684794114       0.028070114353065508
0.3525651650509853        0.02803877819698516
0.35356472325402943       0.02800753910163234
0.3545642814570736        0.02797639643477842
0.35556383966011773       0.027945349569858342
0.3565633978631619        0.027914397885902553
0.35756295606620603       0.027883540767470495
0.3585625142692502        0.027852777604584288
0.3595620724722943        0.02782210779266462
0.3605616306753385        0.027791530732466336
0.3615611888783826        0.027761045830015308
0.36256074708142677       0.027730652496546798
0.3635603052844709        0.027700350148443693
0.36455986348751507       0.027670138207176495
0.3655594216905592        0.02764001609924377
0.36655897989360336       0.027609983256113635
0.3675585380966475        0.027580039114165657
0.36855809629969166       0.027550183114634003
0.3695576545027358        0.027520414703551183
0.37055721270577996       0.027490733331692933
0.3715567709088241        0.027461138454523058
0.37255632911186826       0.02743162953213999
0.3735558873149124        0.027402206029223296
0.37455544551795655       0.02737286741498188
0.3755550037210007        0.027343613163101556
0.37655456192404485       0.027314442751694427
0.377554120127089         0.027285355663249057
0.37855367833013315       0.027256351384580213
0.3795532365331773        0.02722742940678033
0.38055279473622144       0.02719858922517119
0.3815523529392656        0.027169830339256427
0.38255191114230974       0.02714115225267473
0.3835514693453539        0.02711255447315316
0.38455102754839804       0.027084036512461745
0.3855505857514422        0.02705559788636864
0.38655014395448634       0.027027238114595138
0.3875497021575305        0.02699895672077233
0.38854926036057463       0.026970753232397483
0.3895488185636188        0.02694262718079156
0.39054837676666293       0.026914578101057025
0.3915479349697071        0.02688660553203629
0.3925474931727512        0.026858709016270486
0.3935470513757954        0.026830888099959278
0.3945466095788395        0.02680314233292075
0.3955461677818837        0.02677547126855213
0.3965457259849278        0.026747874463790518
0.39754528418797197       0.026720351479074707
0.3985448423910161        0.026692901878307373
0.39954440059406027       0.02666552522881761
0.4005439587971044        0.026638221101323724
0.40154351700014856       0.02661098906989684
0.4025430752031927        0.026583828711925203
0.40354263340623686       0.026556739608078476
0.404542191609281         0.02652972134227235
0.40554174981232516       0.026502773501634304
0.4065413080153693        0.026475895676469328
0.40754086621841346       0.026449087460225687
0.4085404244214576        0.026422348449462552
0.40953998262450175       0.026395678243816022
0.4105395408275459        0.026369076445967025
0.41153909903059005       0.02634254266160953
0.4125386572336342        0.02631607649941841
0.41353821543667835       0.026289677571018036
0.4145377736397225        0.026263345490951877
0.41553733184276664       0.02623707987665149
0.4165368900458108        0.026210880348406566
0.41753644824885494       0.026184746529335064
0.4185360064518991        0.026158678045353635
0.41953556465494324       0.02613267452514878
0.4205351228579874        0.02610673560014818
0.42153468106103154       0.026080860904491954
0.4225342392640757        0.026055050075004717
0.42353379746711983       0.026029302751168326
0.424533355670164         0.026003618575094502
0.42553291387320813       0.025977997191496426
0.4265324720762523        0.02595243824766407
0.4275320302792964        0.02592694139343666
0.4285315884823406        0.025901506281176594
0.4295311466853847        0.0258761325657441
0.4305307048884289        0.025850819904471464
0.431530263091473         0.025825567957137665
0.43252982129451717       0.025800376385944103
0.4335293794975613        0.02577524485548984
0.43452893770060547       0.025750173032746872
0.4355284959036496        0.025725160587036753
0.43652805410669376       0.02570020719000634
0.4375276123097379        0.025675312515604558
0.43852717051278206       0.025650476240059325
0.4395267287158262        0.025625698041854602
0.44052628691887036       0.025600977601707486
0.4415258451219145        0.025576314602546175
0.44252540332495865       0.025551708729487744
0.4435249615280028        0.025527159669815943
0.44452451973104695       0.025502667112959926
0.4455240779340911        0.0254782307504728
0.44652363613713525       0.025453850276010492
0.4475231943401794        0.025429525385310594
0.44852275254322355       0.02540525577617188
0.4495223107462677        0.02538104114843387
0.45052186894931184       0.02535688120395658
0.451521427152356         0.025332775646600587
0.45252098535540014       0.025308724182207025
0.4535205435584443        0.02528472651857819
0.45452010176148844       0.02526078236545836
0.4555196599645326        0.025236891434514356
0.45651921816757673       0.02521305343931691
0.4575187763706209        0.025189268095321522
0.45851833457366503       0.02516553511985047
0.4595178927767092        0.025141854232074254
0.46051745097975333       0.02511822515299325
0.4615170091827975        0.02509464760542015
0.4625165673858416        0.02507112131396215
0.4635161255888858        0.025047646005003213
0.4645156837919299        0.02502422140668693
0.46551524199497407       0.025000847248899297
0.4665148001980182        0.024977523263251502
0.46751435840106237       0.024954249183063437
0.4685139166041065        0.024931024743347005
0.46951347480715067       0.02490784968078932
0.4705130330101948        0.02488472373373691
0.47151259121323896       0.024861646642179207
0.4725121494162831        0.024838618147732805
0.47351170761932726       0.024815637993625465
0.4745112658223714        0.024792705924680636
0.47551082402541556       0.024769821687302122
0.4765103822284597        0.024746985029458404
0.47750994043150385       0.024724195700667626
0.478509498634548         0.024701453451982797
0.47950905683759215       0.024678758035976703
0.4805086150406363        0.02465610920672705
0.48150817324368045       0.02463350671980241
0.4825077314467246        0.024610950332247226
0.48350728964976875       0.02458843980256798
0.4845068478528129        0.02456597489071883
0.48550640605585704       0.024543555358087582
0.4865059642589012        0.024521180967481983
0.48750552246194534       0.024498851483115702
0.4885050806649895        0.024476566670595334
0.48950463886803364       0.024454326296906213
0.4905041970710778        0.024432130130399528
0.49150375527412193       0.024409977940778954
0.4925033134771661        0.02438786949908755
0.49350287168021023       0.02436580457769505
0.4945024298832544        0.024343782950284585
0.49550198808629853       0.024321804391840243
0.4965015462893427        0.024299868678634595
0.4975011044923868        0.024277975588215872
0.498500662695431         0.024256124899396
0.4995002208984751        0.02423431639223765
0.5004997791015193        0.024212549848043097
0.5014993373045635        0.024190825049341332
0.5024988955076077        0.02416914177987647
0.5034984537106519        0.02414749982459598
0.5044980119136961        0.024125898969638918
0.5054975701167403        0.0241043390023242
0.5064971283197846        0.024082819711139333
0.5074966865228288        0.02406134088572879
0.508496244725873         0.0240399023168828
0.5094958029289172        0.024018503796526126
0.5104953611319614        0.023997145117706963
0.5114949193350056        0.02397582607458592
0.5124944775380498        0.023954546462425126
0.513494035741094         0.023933306077577293
0.5144935939441382        0.023912104717475076
0.5154931521471824        0.023890942180620513
0.5164927103502266        0.023869818266574194
0.5174922685532708        0.023848732775944986
0.518491826756315         0.023827685510379833
0.5194913849593592        0.023806676272552733
0.5204909431624034        0.023785704866155475
0.5214905013654476        0.023764771095886976
0.5224900595684918        0.02374387476744286
0.523489617771536         0.02372301568750653
0.5244891759745802        0.02370219366373829
0.5254887341776244        0.023681408504765872
0.5264882923806686        0.02366066002017484
0.5274878505837128        0.023639948020498604
0.528487408786757         0.02361927231720916
0.5294869669898012        0.02359863272270739
0.5304865251928454        0.023578029050313545
0.5314860833958897        0.023557461114257956
0.5324856415989339        0.023536928729671742
0.5334851998019781        0.023516431712577415
0.5344847580050223        0.023495969879880015
0.5354843162080665        0.02347554304935768
0.5364838744111107        0.0234551510396526
0.5374834326141549        0.023434793670262168
0.5384829908171991        0.02341447076153025
0.5394825490202433        0.023394182134637856
0.5404821072232875        0.023373927611594656
0.5414816654263317        0.023353707015230256
0.5424812236293759        0.02333352016918533
0.5434807818324201        0.023313366897903122
0.5444803400354643        0.023293247026620785
0.5454798982385085        0.023273160381361
0.5464794564415527        0.02325310678892341
0.5474790146445969        0.023233086076876252
0.5484785728476411        0.02321309807354806
0.5494781310506853        0.023193142608019163
0.5504776892537295        0.02317321951011374
0.5514772474567737        0.023153328610391315
0.5524768056598179        0.023133469740138687
0.5534763638628621        0.02311364273136214
0.5544759220659063        0.023093847416778827
0.5554754802689505        0.02307408362980891
0.5564750384719948        0.02305435120456851
0.557474596675039         0.023034649975860095
0.5584741548780832        0.02301497977916593
0.5594737130811274        0.02299534045063984
0.5604732712841716        0.022975731827099173
0.5614728294872158        0.02295615374601726
0.56247238769026          0.022936606045516013
0.5634719458933042        0.02291708856435759
0.5644715040963484        0.02289760114193728
0.5654710622993926        0.022878143618275525
0.5664706205024368        0.02285871583401034
0.567470178705481         0.02283931763039043
0.5684697369085252        0.022819948849267038
0.5694692951115694        0.022800609333086433
0.5704688533146136        0.022781298924882936
0.5714684115176578        0.022762017468271223
0.572467969720702         0.02274276480743897
0.5734675279237462        0.022723540787139618
0.5744670861267904        0.022704345252684957
0.5754666443298346        0.022685178049937724
0.5764662025328788        0.022666039025304677
0.577465760735923         0.02264692802572897
0.5784653189389672        0.022627844898683445
0.5794648771420114        0.022608789492162974
0.5804644353450557        0.0225897616546775
0.5814639935480999        0.022570761235244763
0.5824635517511441        0.022551788083383553
0.5834631099541883        0.022532842049106216
0.5844626681572325        0.022513922982911785
0.5854622263602767        0.02249503073577876
0.5864617845633209        0.022476165159158464
0.5874613427663651        0.02245732610496752
0.5884609009694093        0.02243851342558118
0.5894604591724535        0.02241972697382628
0.5904600173754977        0.02240096660297424
0.5914595755785419        0.02238223216673403
0.5924591337815861        0.022363523519245546
0.5934586919846303        0.02234484051507243
0.5944582501876745        0.022326183009194853
0.5954578083907187        0.022307550857003453
0.5964573665937629        0.022288943914291683
0.5974569247968071        0.02227036203724926
0.5984564829998513        0.02225180508245516
0.5994560412028955        0.022233272906870993
0.6004555994059397        0.022214765367833855
0.6014551576089839        0.022196282323049675
0.6024547158120281        0.022177823630586187
0.6034542740150723        0.02215938914886634
0.6044538322181165        0.022140978736661383
0.6054533904211608        0.022122592253083696
0.606452948624205         0.02210422955758059
0.6074525068272492        0.02208589050992673
0.6084520650302934        0.022067574970218017
0.6094516232333376        0.02204928279886448
0.6104511814363818        0.022031013856582994
0.611450739639426         0.02201276800439122
0.6124502978424702        0.021994545103600285
0.6134498560455144        0.021976345015808158
0.6144494142485586        0.02195816760289241
0.6154489724516028        0.021940012727003907
0.616448530654647         0.02192188025055955
0.6174480888576912        0.021903770036235726
0.6184476470607354        0.02188568194696095
0.6194472052637796        0.021867615845909488
0.6204467634668238        0.021849571596494186
0.621446321669868         0.021831549062359516
0.6224458798729122        0.021813548107374976
0.6234454380759564        0.02179556859562775
0.6244449962790006        0.021777610391415944
0.6254445544820448        0.021759673359241595
0.626444112685089         0.021741757363803797
0.6274436708881332        0.021723862269991505
0.6284432290911774        0.021705987942876627
0.6294427872942217        0.021688134247707005
0.6304423454972659        0.021670301049899268
0.6314419037003101        0.021652488215031872
0.6324414619033543        0.021634695608837802
0.6334410201063985        0.021616923097197618
0.6344405783094427        0.02159917054613228
0.6354401365124869        0.021581437821795828
0.6364396947155311        0.021563724790468378
0.6374392529185753        0.021546031318548722
0.6384388111216195        0.021528357272547205
0.6394383693246637        0.02151070251907817
0.6404379275277079        0.021493066924852946
0.6414374857307521        0.021475450356672435
0.6424370439337963        0.021457852681419563
0.6434366021368405        0.021440273766051746
0.6444361603398847        0.02142271347759374
0.6454357185429289        0.02140517168313006
0.6464352767459731        0.021387648249797317
0.6474348349490173        0.021370143044776656
0.6484343931520615        0.021352655935286298
0.6494339513551057        0.021335186788573674
0.6504335095581499        0.021317735471907576
0.6514330677611941        0.02130030185257116
0.6524326259642383        0.021282885797853042
0.6534321841672825        0.021265487175040357
0.6544317423703268        0.021248105851410244
0.655431300573371         0.021230741694222476
0.6564308587764152        0.021213394570710906
0.6574304169794594        0.021196064348075805
0.6584299751825036        0.021178750893475456
0.6594295333855478        0.021161454074018263
0.660429091588592         0.02114417375675444
0.6614286497916362        0.021126909808667643
0.6624282079946804        0.021109662096666554
0.6634277661977246        0.021092430487576728
0.6644273244007688        0.021075214848132046
0.665426882603813         0.02105801504496603
0.6664264408068572        0.021040830944603274
0.6674259990099014        0.02102366241345094
0.6684255572129456        0.021006509317790016
0.6694251154159898        0.020989371523766204
0.670424673619034         0.02097224889738135
0.6714242318220782        0.020955141304484247
0.6724237900251224        0.02093804861076195
0.6734233482281666        0.020920970681730107
0.6744229064312108        0.020903907382724247
0.675422464634255         0.02088685857889031
0.6764220228372992        0.02086982413517535
0.6774215810403434        0.020852803916317643
0.6784211392433876        0.020835797786837987
0.6794206974464319        0.02081880561102939
0.6804202556494761        0.020801827252947498
0.6814198138525203        0.02078486257640088
0.6824193720555645        0.020767911444941063
0.6834189302586087        0.020750973721852348
0.6844184884616529        0.020734049270141934
0.6854180466646971        0.020717137952529885
0.6864176048677413        0.020700239631437994
0.6874171630707855        0.02068335416898018
0.6884167212738297        0.020666481426951558
0.6894162794768739        0.020649621266817852
0.6904158376799181        0.020632773549704476
0.6914153958829623        0.020615938136386038
0.6924149540860065        0.020599114887274922
0.6934145122890507        0.020582303662410154
0.6944140704920949        0.0205655043214465
0.6954136286951391        0.02054871672364276
0.6964131868981833        0.020531940727850258
0.6974127451012275        0.020515176192501337
0.6984123033042717        0.02049842297559755
0.6994118615073159        0.020481680934697502
0.7004114197103601        0.02046494992690515
0.7014109779134043        0.020448229808857268
0.7024105361164485        0.020431520436711245
0.7034100943194928        0.020414821666132506
0.704409652522537         0.020398133352281807
0.7054092107255812        0.02038145534980256
0.7064087689286254        0.02036478751280757
0.7074083271316696        0.020348129694866192
0.7084078853347138        0.02033148174899077
0.709407443537758         0.02031484352762337
0.7104070017408022        0.02029821488262199
0.7114065599438464        0.020281595665246194
0.7124061181468906        0.02026498572614441
0.7134056763499348        0.020248384915338404
0.714405234552979         0.02023179308220937
0.7154047927560232        0.020215210075483478
0.7164043509590674        0.020198635743216876
0.7174039091621116        0.020182069932780794
0.7184034673651558        0.02016551249084641
0.7194030255682           0.020148963263369075
0.7204025837712442        0.020132422095573033
0.7214021419742884        0.020115888831935755
0.7224017001773326        0.020099363316171293
0.7234012583803768        0.02008284539121437
0.724400816583421         0.02006633489920385
0.7254003747864652        0.020049831681466047
0.7263999329895094        0.020033335578497433
0.7273994911925536        0.020016846429947444
0.7283990493955979        0.020000364074601044
0.7293986075986421        0.019983888350361217
0.7303981658016863        0.01996741909423068
0.7313977240047305        0.01995095614229348
0.7323972822077747        0.019934499329696605
0.7333968404108189        0.019918048490630943
0.7343963986138631        0.019901603458312815
0.7353959568169073        0.019885164064963566
0.7363955150199515        0.019868730141790268
0.7373950732229957        0.019852301518966033
0.7383946314260399        0.01983587802560926
0.7393941896290841        0.019819459489762957
0.7403937478321283        0.019803045738374263
0.7413933060351725        0.01978663659727256
0.7423928642382167        0.01977023189114814
0.7433924224412609        0.019753831443530174
0.7443919806443051        0.01973743507676421
0.7453915388473493        0.01972104261198978
0.7463910970503935        0.019704653869117215
0.7473906552534377        0.019688268666804162
0.7483902134564819        0.019671886822431588
0.7493897716595261        0.01965550815207994
0.7503893298625703        0.019639132470504615
0.7513888880656145        0.019622759591110317
0.7523884462686588        0.019606389325926198
0.753388004471703         0.01959002148557993
0.7543875626747472        0.019573655879271082
0.7553871208777914        0.019557292314744963
0.7563866790808356        0.019540930598265012
0.7573862372838798        0.019524570534585242
0.758385795486924         0.019508211926922262
0.7593853536899682        0.019491854576926426
0.7603849118930124        0.019475498284653163
0.7613844700960566        0.019459142848533045
0.7623840282991008        0.019442788065341735
0.763383586502145         0.019426433730169626
0.7643831447051892        0.019410079636390146
0.7653827029082334        0.019393725575628726
0.7663822611112776        0.019377371337730133
0.7673818193143218        0.01936101671072552
0.768381377517366         0.019344661480799386
0.7693809357204102        0.01932830543225518
0.7703804939234544        0.019311948347480852
0.7713800521264986        0.01929559000691365
0.7723796103295428        0.019279230189004057
0.773379168532587         0.019262868670179463
0.7743787267356312        0.01924650522480674
0.7753782849386754        0.01923013962515427
0.7763778431417196        0.01921377164135375
0.7773774013447639        0.019197401041360525
0.7783769595478081        0.019181027590913467
0.7793765177508523        0.019164651053494713
0.7803760759538965        0.0191482711902876
0.7813756341569407        0.019131887760134532
0.7823751923599849        0.019115500519493827
0.7833747505630291        0.01909910922239581
0.7843743087660733        0.019082713620398078
0.7853738669691175        0.01906631346253966
0.7863734251721617        0.019049908495294914
0.7873729833752059        0.01903349846252567
0.7883725415782501        0.01901708310543324
0.7893720997812943        0.019000662162509216
0.7903716579843385        0.01898423536948473
0.7913712161873827        0.018967802459280043
0.7923707743904269        0.018951363161951854
0.7933703325934711        0.018934917204640245
0.7943698907965153        0.018918464311514366
0.7953694489995595        0.018902004203717272
0.7963690072026037        0.018885536599309072
0.7973685654056479        0.018869061213210046
0.7983681236086921        0.018852577757141387
0.7993676818117363        0.018836085939565345
0.8003672400147805        0.01881958546562454
0.8013667982178247        0.01880307603707901
0.802366356420869         0.01878655735224319
0.8033659146239132        0.018770029105920703
0.8043654728269574        0.0187534909893382
0.8053650310300016        0.0187369426900777
0.8063645892330458        0.018720383892007864
0.80736414743609          0.01870381427521308
0.8083637056391342        0.01868723351592224
0.8093632638421784        0.018670641286434884
0.8103628220452226        0.018654037255046246
0.8113623802482668        0.01863742108597125
0.812361938451311         0.018620792439266086
0.8133614966543552        0.018604150970748343
0.8143610548573994        0.018587496331915834
0.8153606130604436        0.01857082816986328
0.8163601712634878        0.018554146127197378
0.817359729466532         0.018537449841950132
0.8183592876695762        0.01852073894748985
0.8193588458726204        0.018504013072431144
0.8203584040756646        0.018487271840541754
0.8213579622787088        0.01847051487064847
0.822357520481753         0.01845374177654046
0.8233570786847972        0.018436952166870257
0.8243566368878414        0.018420145645053024
0.8253561950908856        0.018403321809163427
0.8263557532939299        0.018386480251830137
0.827355311496974         0.01836962056012826
0.8283548697000183        0.018352742315468764
0.8293544279030625        0.018335845093486097
0.8303539861061067        0.018318928463922725
0.8313535443091509        0.01830199199051182
0.8323531025121951        0.018285035230856193
0.8333526607152393        0.01826805773630543
0.8343522189182835        0.01825105905182985
0.8353517771213277        0.01823403871589132
0.8363513353243719        0.01821699626031171
0.8373508935274161        0.018199931210137653
0.8383504517304603        0.018182843083502646
0.8393500099335045        0.01816573139148564
0.8403495681365487        0.018148595637966572
0.8413491263395929        0.01813143531947832
0.8423486845426371        0.018114249925055247
0.8433482427456813        0.01809703893607804
0.8443478009487255        0.01807980182611529
0.8453473591517697        0.018062538060760826
0.8463469173548139        0.018045247097466945
0.8473464755578581        0.018027928385374918
0.8483460337609023        0.018010581365139663
0.8493455919639465        0.017993205468751418
0.8503451501669907        0.017975800119352826
0.851344708370035         0.017958364731051335
0.8523442665730792        0.01794089870872708
0.8533438247761234        0.017923401447836107
0.8543433829791676        0.01790587233420869
0.8553429411822118        0.017888310743843203
0.856342499385256         0.017870716042693663
0.8573420575883002        0.017853087586453098
0.8583416157913444        0.017835424720331186
0.8593411739943886        0.017817726778826124
0.8603407321974328        0.01779999308549082
0.861340290400477         0.017782222952693168
0.8623398486035212        0.017764415681370604
0.8633394068065654        0.017746570560777705
0.8643389650096096        0.01772868686822776
0.8653385232126538        0.017710763868827688
0.866338081415698         0.017692800815206352
0.8673376396187422        0.01767479694723508
0.8683371978217864        0.017656751491741722
0.8693367560248306        0.01763866366221669
0.8703363142278748        0.017620532658511736
0.871335872430919         0.01760235766653051
0.8723354306339632        0.017584137857910947
0.8733349888370074        0.017565872389699443
0.8743345470400516        0.017547560404016116
0.8753341052430959        0.01752920102771135
0.87633366344614          0.017510793372012848
0.8773332216491843        0.017492336532163356
0.8783327798522285        0.017473829587048566
0.8793323380552727        0.017455271598815117
0.8803318962583169        0.017436661612477658
0.8813314544613611        0.01741799865551552
0.8823310126644053        0.01739928173745825
0.8833305708674495        0.017380509849459876
0.8843301290704937        0.01736168196386082
0.8853296872735379        0.017342797033738235
0.8863292454765821        0.01732385399244326
0.8873288036796263        0.017304851753125877
0.8883283618826705        0.017285789208245927
0.8893279200857147        0.01726666522907012
0.8903274782887589        0.01724747866515535
0.8913270364918031        0.017228228343816668
0.8923265946948473        0.017208913069580497
0.8933261528978915        0.017189531623622106
0.8943257111009357        0.017170082763185913
0.8953252693039799        0.017150565220990337
0.8963248275070241        0.01713097770461426
0.8973243857100683        0.017111318895866236
0.8983239439131125        0.017091587450134452
0.8993235021161567        0.017071781995718176
0.900323060319201         0.017051901133139015
0.9013226185222452        0.01703194343443172
0.9023221767252894        0.017011907442413772
0.9033217349283336        0.0169917916699332
0.9043212931313778        0.016971594599093413
0.905320851334422         0.016951314680455264
0.9063204095374662        0.01693095033221366
0.9073199677405104        0.016910499939350142
0.9083195259435546        0.016889961852758855
0.9093190841465988        0.01686933438834589
0.910318642349643         0.016848615826100706
0.9113182005526872        0.016827804409138752
0.9123177587557314        0.016806898342714024
0.9133173169587756        0.016785895793200743
0.9143168751618198        0.01676479488704375
0.915316433364864         0.01674359370967483
0.9163159915679082        0.016722290304395246
0.9173155497709524        0.016700882671222866
0.9183151079739966        0.01667936876570236
0.9193146661770408        0.016657746497677872
0.920314224380085         0.016636013730025948
0.9213137825831292        0.016614168277348254
0.9223133407861734        0.016592207904622135
0.9233128989892176        0.016570130325808712
0.9243124571922618        0.016547933202415557
0.925312015395306         0.016525614142014457
0.9263115735983503        0.016503170696711943
0.9273111318013945        0.01648060036157164
0.9283106900044387        0.01645790057298815
0.9293102482074829        0.01643506870701105
0.9303098064105271        0.0164121020776187
0.9313093646135713        0.01638899793494275
0.9323089228166155        0.01636575346344244
0.9333084810196597        0.016342365780031433
0.9343080392227039        0.016318831932158478
0.9353075974257481        0.016295148895846642
0.9363071556287923        0.01627131357369581
0.9373067138318365        0.016247322792855977
0.9383062720348807        0.016223173302982726
0.9393058302379249        0.016198861774189534
0.9403053884409691        0.016174384795015817
0.9413049466440133        0.016149738870438066
0.9423045048470575        0.016124920419958843
0.9433040630501017        0.016099925775819687
0.9443036212531459        0.016074751181399935
0.9453031794561901        0.016049392789880504
0.9463027376592343        0.016023846663278527
0.9473022958622785        0.015998108772023803
0.948293321080098         0.015972397111284342
0.9492659085051165        0.01594697234505542
0.9502203884056653        0.015921832587207408
0.9511570979056202        0.01589697565699647
0.9520763678523225        0.015872399418046773
0.9529785229334343        0.015848101775094648
0.9538638817916192        0.01582408067089966
0.9547327571370865        0.01580033408332192
0.9555854558580423        0.015776860022563826
0.956422279129082         0.01575365652857571
0.9572435225175657        0.015730721668622973
0.9580494760880134        0.015708053535014706
0.9588404245045562        0.015685650242989405
0.9596166471314802        0.015663509928758278
0.960378418131898         0.015641630747703132
0.9611260065645841        0.015620010872725174
0.9618596764790064        0.015598648492743328
0.9625796870085895        0.01557754181133808
0.9632862924622406        0.015556689045537642
0.9639797424141721        0.015536088424742033
0.9646602817920512        0.015515738189781216
0.9653281509635091        0.015495636592101878
0.9659835858210395        0.015475781893078024
0.9666268178653152        0.015456172363439812
0.9672580742869563        0.015436806282813879
0.9678775780467725        0.015417681939369009
0.9684855479545137        0.015398797629560396
0.9690821987461549        0.015380151657964553
0.9696677411597403        0.015361742337197448
0.9702423820098163        0.015343567987908015
0.9708063242604799        0.015325626938838103
0.9713597670970642        0.015307917526940981
0.9719029059964928        0.015290438097549076
0.9724359327963208        0.015273187004582502
0.972959035762494         0.015256162610789152
0.9734723996558425        0.015239363288007741
0.9739762057973415        0.015222787417444449
0.9744706321321509        0.015206433389954883
0.9749558532924683        0.015190299606323109
0.9754320406592083        0.015174384477528759
0.9758993624225346        0.01515868642499501
0.9763579836412652        0.015143203880809777
0.9768080663011712        0.01512793528791323
0.9772497693721909        0.015112879100244923
0.9776832488645777        0.015098033782845209
0.9781086578840041        0.015083397811905116
0.9785261466856374        0.015068969674760395
0.9789358627272112        0.015054747869826022
0.9793379507211077        0.01504073090646778
0.97973255268547          0.015026917304808502
0.9801198079943627        0.015013305595467347
0.9804998534270003        0.01499989431923129
0.9808728232160566        0.01498668202665864
0.9812388490950763        0.014973667277614983
0.9815980603450043        0.014960848640742935
0.9819505838398468        0.014948224692867839
0.9822965440914836        0.014935794018341365
0.9826360632936469        0.014923555208327575
0.9829692613650788        0.014911506860033358
0.9832962559918881        0.01489964757588941
0.9836171626691168        0.014887975962685304
0.9839320947415324        0.014876490630664305
0.9842411634436631        0.014865190192583696
0.9845444779390842        0.01485407326274608
0.984842145358976         0.014843138456007762
0.9851342708399625        0.014832384386771084
0.9854209575612457        0.014821809667966257
0.9857023067810484        0.014811412910030027
0.9859784178723798        0.014801192719886665
0.9862493883581325        0.014791147699938735
0.9865153139455294        0.014781276447073166
0.9867762885599268        0.014771577551689083
0.9870324043779892        0.01476204959675319
0.9872837518602462        0.014752691156888865
0.9875304197830431        0.014743500797503603
0.9877724952698979        0.014734477073960459
0.988010063822271         0.014725618530798287
0.988243209349768         0.014716923701004747
0.9884720141997736        0.014708391105346219
0.9886965591865383        0.014700019251758279
0.9889169236197222        0.014691806634799853
0.9891331853324066        0.014683751735173372
0.9893454207085854        0.014675853019313708
0.9895537047101436        0.014668108939047313
0.9897581109033342        0.014660517931322815
0.9899587114847623        0.014653078418014453
0.9901555773068839        0.014645788805798315
0.9903487779030321        0.014638647486101726
0.990538381511977         0.014631652835125332
0.9907244551020256        0.014624803213937283
0.9909070643946769        0.014618096968638163
0.9910862738878348        0.014611532430595632
0.9912621468785875        0.014605107916746565
0.9914347454855661        0.014598821729965038
0.991604130670883         0.014592672159493435
0.9917703622616654        0.014586657481434565
0.9919334989711855        0.014580775959301457
0.992093598419598         0.014575025844622277
0.9922507171542926        0.014569405377596958
0.9924049106698656        0.014563912787802152
0.992556233427721         0.014558546294941382
0.9927047388753065        0.014553304109636494
0.9928504794649919        0.014548184434256891
0.9929935066725932        0.014543185463783286
0.9931338710155567        0.014538305386701367
0.9932716220707997        0.014533542385922842
0.9934068084922218        0.014528894639729362
0.9935394780278912        0.014524360322735567
0.9936696775369058        0.014519937606868587
0.9937974530059478        0.01451562466235938
0.9939228495655231        0.014511419658743158
0.9940459115059039        0.014507320765865103
0.9941666822927705        0.014503326154888646
0.994285204582564         0.01449943399930242
0.9944015202375527        0.01449564247592348
0.9945156703406182        0.014491949765893762
0.994627695209765         0.014488354055666862
0.9947376344123615        0.014484853537982567
0.9948455267791163        0.014481446412826851
0.9949514104177906        0.014478130888375079
0.9950553227266608        0.014474905181915883
0.9951573004077254        0.014471767520753968
0.99525737947967          0.014468716143090254
0.9953555952905878        0.014465749298877395
0.9954519825304655        0.014462865250649083
0.9955465752434348        0.014460062274321943
0.9956394068397987        0.014457338659968878
0.9957305101078298        0.014454692712562646
0.9958199172253527        0.014452122752688727
0.995907659771109         0.014449627117226839
0.9959937687359104        0.014447204160000296
0.9960782745335857        0.014444852252392969
0.9961612070117217        0.014442569783933072
0.996242595462207         0.014440355162843872
0.9963224686315763        0.01443820681656086
0.996400854731165         0.014436123192215562
0.9964777814470724        0.014434102757086027
0.9965532759499421        0.014432143999013748
0.996627364904557         0.014430245426788103
0.9967000744792577        0.014428405570497745
0.9967714303551862        0.014426622981849773
0.9968414577353557        0.014424896234457196
0.9969101813535526        0.014423223924095114
0.9969776254830718        0.014421604668926287
0.9970438139452915        0.014420037109696505
0.9971087701180856        0.014418519909900883
0.9971725169440817        0.014417051755921645
0.9972350769387638        0.014415631357137916
0.9972964721984251        0.014414257446008633
0.9973567244079731        0.01441292877812982
0.9974158548485872        0.014411644132265786
0.9974738844052368        0.014410402310356963
0.9975308335740569        0.014409202137503628
0.997586722469588         0.014408042461927437
0.9976415708318804        0.014406922154911668
0.997695398033466         0.014405840110720202
0.9977482230862014        0.014404795246497664
0.9978000646479819        0.014403786502150007
0.9978509410293331        0.014402812840208204
0.9979008701998769        0.014401873245674185
0.9979498697946785        0.014400966725851594
0.9979979571204759        0.0144000923101609
0.9980451491617917        0.014399249049941096
0.9980914625869326        0.014398436018237475
0.9981369137538774        0.014397652309577555
0.9981815187160527        0.014396897039734766
0.9982252932280049        0.014396169345482619
0.9982682527509638        0.014395468384337666
0.998310412458304         0.014394793334294474
0.9983517872409036        0.014394143393551577
0.9983923917124041        0.014393517780229972
0.9984322402143718        0.014392915732085114
0.9984713468213635        0.014392336506212173
0.9985097253458969        0.014391779378746493
0.9985473893433306        0.01439124364455829
0.9985843521166509        0.014390728616944059
0.9986206267211696        0.014390233627313925
0.9986562259691373        0.014389758024875647
0.9986911624342671        0.01438930117631685
0.9987254484561762        0.014388862465484561
0.9987590961447439        0.014388441293063627
0.9987921173843897        0.01438803707625438
0.9988245238382695        0.014387649248449073
0.9988563269523963        0.014387277258908704
0.998887537959683         0.014386920572440318
0.9989181678839084        0.014386578669074364
0.9989482275436125        0.014386251043743456
0.9989777275559166        0.014385937205962644
0.9990066783402737        0.014385636679511232
0.9990350901221489        0.01438534900211636
0.9990629729366299        0.014385073725139443
0.9990903366319734        0.014384810413264653
0.9991171908730815        0.014384558644190318
0.9991435451449161        0.014384318008323533
0.99916940875585          0.014384088108477775
0.9991947908409531        0.014383868559574138
0.9992197003652197        0.014383658988345954
0.9992441461267351        0.014383459033047184
0.9992681367597822        0.014383268343165032
0.9992916807378925        0.014383086579136267
0.9993147863768378        0.0143829134120675
0.999337461837568         0.01438274852346045
0.9993597151290933        0.014382591604941026
0.9993815541113126        0.0143824423579927
0.9994029864977907        0.014382300493694832
0.999424019858482         0.014382165732465285
0.9994446616224042        0.014382037803807764
0.9994649190802621        0.014381916446063781
0.9994847993870236        0.014381801406169174
0.9995043095644456        0.01438169243941571
0.9995234565035552        0.014381589309216904
0.9995422469670825        0.014381491786878888
0.9995606875918506        0.014381399651375984
0.9995787848911184        0.014381312689131063
0.9995965452568818        0.014381230693800387
0.9996139749621316        0.014381153466063275
0.9996310801630682        0.014381080813416491
0.9996478669012769        0.01438101254997316
0.9996643411058613        0.014380948496266494
0.9996805085955377        0.014380888479057757
0.9996963750806901        0.014380832331149056
0.999711946165387         0.014380779891200563
0.9997272273493617        0.014380731003551927
0.9997422240299532        0.014380685518048442
0.9997569415040141        0.014380643289871146
0.9997713849697805        0.014380604179371582
0.9997855595287078        0.014380568051910446
0.9997994701872743        0.01438053477770048
0.9998131218587473        0.014380504231653657
0.9998265193649196        0.014380476293232122
0.9998396674378126        0.014380450846302968
0.9998525707213474        0.014380427778997342
0.999865233772985         0.014380406983573082
0.9998776610653359        0.014380388356281037
0.9998898569877407        0.014380371797235229
0.9999018258478188        0.014380357210286585
0.9999135718729918        0.014380344502900096
0.9999250992119749        0.01438033358603551
0.9999364119362435        0.014380324374031566
0.9999475140414701        0.014380316784493214
0.9999584094489368        0.01438031073818238
0.9999691020069196        0.014380306158911851
0.9999795954920477        0.01438030297344212
0.9999898936106368        0.014380301111381423
1                         0.014380300505088681
