% Model:              RWGS_demo_CeO2_cycle2_CO2.mph
% Version:            COMSOL 5.6.0.341
% Date:               Jun 28 2022, 11:41
% Dimension:          1
% Nodes:              1386
% Expressions:        1
% Description:        Dependent variable u2
% X                       u2 (1) @ t=404.35
0                         0.018781985412386598
1.0106389363155493E-5     0.018781882092981775
2.0404507952446597E-5     0.01878156713600885
3.0897993080352014E-5     0.018781032112085934
4.159055106313618E-5      0.018780268442534047
5.248595852992239E-5      0.018779267404307676
6.358806375660837E-5      0.018778020135470388
7.490078802507985E-5      0.018776517641229583
8.642812700821763E-5      0.018774750800548457
9.817415218117173E-5      0.01877271037334708
1.1014301225941769E-4     0.018770387008304808
1.2233893466408478E-4     0.018767771251275753
1.347662270150932E-4      0.01876485355432611
1.4742927865260753E-4     0.01876162428539855
1.6033256218736384E-4     0.018758073738610437
1.734806350803981E-4      0.018754192145185953
1.868781412527545E-4      0.018749969685023467
2.0052981272572078E-4     0.018745396498893223
2.1444047129218845E-4     0.01874046270126036
2.286150302197191E-4      0.018735158393723226
2.4305849598591723E-4     0.01872947367905442
2.577759700467249E-4      0.01872339867582871
2.7277265063826804E-4     0.018716923533618715
2.8805383461287775E-4     0.0187100384487325
3.0362491930995233E-4     0.018702733680469742
3.194914044623004E-4      0.018694999567862587
3.3565889413866205E-4     0.0186868265468671
3.521330987230691E-4      0.018678205167967636
3.6891983693176727E-4     0.018669126114149344
3.860250378683926E-4      0.01865958021919367
4.034547431181436E-4      0.018649558486246748
4.212151088816756E-4      0.018639052106604596
4.3931240814948575E-4     0.018628052478659445
4.577530329175384E-4      0.018616551226944986
4.7654349644493264E-4     0.01860454022121569
4.956904355543938E-4      0.01859201159549369
5.152006129764119E-4      0.018578957767013033
5.350809197378479E-4      0.018565371454986726
5.553383775958558E-4      0.0185512456991251
5.759801415179802E-4      0.01853657387782684
5.970135022093011E-4      0.01852134972596415
6.184458886875241E-4      0.018505567352186225
6.402848709069204E-4      0.01848922125565916
6.625381624320483E-4      0.01847230634216379
6.852136231621974E-4      0.018454817939473483
7.083192621075152E-4      0.018436751811933216
7.318632402178076E-4      0.018418104174163077
7.558538732649938E-4      0.018398871703813637
7.802996347802566E-4      0.01837905155329856
8.052091590469014E-4      0.018358641360438147
8.30591244150007E-4       0.018337639257946535
8.564548550839145E-4      0.01831604388170106
8.82809126918689E-4       0.018293854377737527
9.096633680266289E-4      0.018271070407918127
9.370270633700102E-4      0.01824769215422574
9.649098778511818E-4      0.018223720321642795
9.933216597262328E-4      0.018199156139579335
0.0010222724440834042     0.018174001361822296
0.0010517724563875073     0.01814825826498196
0.0010818321160915663     0.018121929645422717
0.0011124620403169952     0.018095018814667983
0.0011436730476035732     0.01806752959327907
0.0011754761617305807     0.018039466303215287
0.0012078826156104062     0.0180108337586886
0.0012409038552560392     0.01798163725553511
0.0012745515438238114     0.01795188255913148
0.0013088375657328527     0.01792157589089522
0.0013437740308626775     0.01789072391341064
0.001379373278830424      0.017859333714233414
0.0014156478833492168     0.017827412788431283
0.0014526106566692355     0.01779496901992651
0.0014902746541030096     0.01776201066171204
0.001528653178636588      0.017728546315018315
0.001567759785628165      0.017694584907515565
0.0016076082875958668     0.017660135670640217
0.001648212759096342      0.017625208116138952
0.0016895875416959344     0.017589812011930453
0.00173174724903613       0.017553957357386588
0.0017747067719951367     0.01751765435813756
0.0018184812839473516     0.01748091340051374
0.0018630862461226372     0.01744374502573086
0.001908537413067235      0.01740615990393428
0.0019548508382083176     0.017368168808215748
0.002002042879524067      0.01732978258871483
0.0020501302053213557     0.017291012146921778
0.002099129800123006      0.01725186841029165
0.0021490589706667624     0.017212362307282538
0.0021999353520180506     0.017172504742925594
0.0022517769137987234     0.01713230657503245
0.002304601966533948      0.01709177859114184
0.0023584291681195226     0.01705093148630235
0.0024132775304118725     0.017009775841783627
0.0024691664259430686     0.016968322104801804
0.002526115594763242      0.01692658056933949
0.0025841451514127954     0.016884561358133675
0.0026432755920268976     0.01684227440589601
0.002703527801574751      0.016799729443824355
0.002764923061236195      0.01675693598545415
0.0028274830559182557     0.016713903313891422
0.00289122988191429       0.01667064047045729
0.0029561860547084357     0.016627156244768543
0.0030223745169281136     0.016583459166266558
0.003089818646447403      0.016539557497198834
0.003158542264644146      0.01649545922704715
0.0032285696448136974     0.01645117206838781
0.0032999255207422887     0.016406703454160974
0.0033726350954430555     0.016362060536315153
0.0034467240500577574     0.016317250185786475
0.003522218552927433      0.016272278993763812
0.003599145268835073      0.01622715327418284
0.0036775313684236813     0.016181879067384948
0.0037574045377929835     0.01613646214487299
0.003838792988278208      0.016090908015085385
0.003921725466414371      0.01604522193011259
0.004006231264089606      0.015999408893267134
0.004092340228891101      0.015953473667424674
0.004180082774647326      0.01590742078404248
0.004269489892170224      0.015861254552766327
0.004360593160201255      0.015814979071534938
0.004453424756565013      0.01576859823708957
0.004548017469534537      0.01572211575579937
0.004644404709412129      0.015675535154714627
0.004742620520329984      0.015628859792762916
0.004842699592274587      0.015582092872006622
0.004944677273339301      0.015535237448883585
0.005048589582209357      0.0154882964453591
0.005154473220883726      0.015441272659921158
0.0052623655876383145     0.015394168778356648
0.005372304790235109      0.015346987384253087
0.005484329659381879      0.015299730969175439
0.005598479762447276      0.015252401942474523
0.005714795417436066      0.015205002640690097
0.005833317707229548      0.015157535336516748
0.00595408849409604       0.01511000224730908
0.006077150434476774      0.015062405543105978
0.006202546994052162      0.015014747354162299
0.006330322463093984      0.01496702977797918
0.006460521972108746      0.014919254885831412
0.00659319150777789       0.01487142472879345
0.006728377929200352      0.014823541343269495
0.006866128984443262      0.014775606756039656
0.007006493327406631      0.014727622988833088
0.007149520535008036      0.014679592062445353
0.007295261124693224      0.014631516000417686
0.007443766572278972      0.014583396832297615
0.0075950893301344235     0.014535236596503725
0.007749282845707362      0.014487037342814108
0.007906401580401956      0.014438801134503316
0.008066501028814552      0.014390530050148998
0.008229637738334539      0.01434222618513192
0.008395869329116918      0.014293891652851373
0.008565254514433877      0.01424552858567531
0.008737853121412379      0.014197139135649121
0.00891372611216523       0.014148725474979536
0.009092935605322993      0.014100289796314149
0.009275544897974377      0.014051834312832006
0.009461618488022898      0.014003361258162726
0.0096512220969676        0.013954872886147607
0.009844422693116056      0.013906371470456102
0.010041288515237641      0.013857859304071348
0.010241889096665605      0.013809338698653494
0.010446295289856316      0.013760811983791987
0.010654579291414537      0.013712281506155962
0.01086681466759332       0.01366374962854933
0.011083076380277765      0.013615218728878976
0.011303440813461654      0.013566691199040828
0.011527985800226445      0.013518169443731291
0.011756790650231993      0.013469655879186727
0.011989936177728904      0.013421152931856866
0.012227504730102211      0.01337266303701633
0.012469580216956665      0.013324188637316577
0.012716248139753668      0.01327573218128237
0.012967595622010634      0.013227296121756157
0.013223711440073031      0.013178882914291961
0.013484686054470478      0.01313049501550273
0.0137506116418674        0.013082134881362966
0.014021582127620119      0.013033804965468805
0.014297693218951352      0.012985507717258933
0.014579042438754188      0.012937245580197404
0.014865729160037349      0.012889020989921696
0.015157854641023871      0.012840836372357714
0.015455522060915708      0.012792694141804405
0.01575883655633677       0.01274459669898986
0.01606790525846737       0.012696546429101736
0.01638283733088312       0.01264854569979415
0.016703744008111702      0.012600596859173033
0.017030738634921067      0.012552702233763695
0.017363936706353007      0.012504864126461348
0.017703455908516193      0.012457084814468155
0.0180494161601531        0.012409366547219544
0.0184019396549955        0.012361711544301459
0.018761150904923512      0.012314121993361741
0.019127176783943392      0.012266600048018661
0.01950014657299961       0.012219147825768426
0.01988019200563711       0.012171767405894613
0.020267447314529882      0.012124460827382909
0.020662049278892043      0.012077230086842968
0.0210641372727886        0.012030077136440331
0.021473853314362502      0.011983003881842107
0.02189134211599576       0.011936012180177768
0.02231675113542203       0.011889103838018427
0.022750230627808996      0.011842280609377462
0.023191933698828673      0.0117955441937354
0.023642016358734662      0.011748896234090932
0.02410063757746515       0.011702338315041534
0.024567959340791402      0.011655871960895924
0.02504414670753141       0.011609498633821016
0.025529367867848915      0.011563219732026165
0.026023794202658435      0.01151703658798668
0.0265276003441573        0.011470950466709708
0.027040964237506085      0.011424962564044152
0.027564067203679096      0.011379074005037461
0.028097094003507184      0.011333285842341452
0.028640232902935624      0.011287599054668829
0.029193675739519993      0.011242014545302926
0.029757617990183453      0.01119653314066249
0.030332258840259585      0.011151155588923226
0.030917801253844857      0.011105882558697662
0.03151445204548606       0.01106071463777529
0.0321224219532273        0.011015652331924506
0.03274192571304337       0.01097069606375689
0.03337318213468445       0.010925846171656093
0.034016414178960425      0.01088110290877148
0.034671849036490704      0.01083646644207796
0.03533971820794866       0.010791936851502502
0.036020257585827664      0.010747514129118358
0.0367137075377591        0.010703198178406594
0.037420312991410284      0.01065898881358587
0.03814032352099341       0.010614885759010768
0.038873993435415755      0.010570888648637679
0.03962158186810175       0.010526997025558975
0.040383352868519594      0.01048321034160455
0.04115957549544353       0.010439527957010572
0.04195052391198639       0.01039594914015417
0.04275647748243413       0.010352473067353755
0.04357772087091786       0.010309098822733703
0.04441454414195746       0.010265825398152245
0.04526724286291324       0.010222651693191448
0.04613611820838059       0.01017957651520731
0.04702147706656539       0.010136598579438999
0.047923632147677225      0.010093716509175774
0.04884290209437953       0.010050928835978395
0.049779611594334486      0.010008233999955431
0.050734091494883254      0.00996563035009029
0.0517066789199017        0.009923116144618545
0.052697704137735224      0.009880690112311673
0.0536972623407794        0.009838775275878547
0.05469682054382358       0.00979770524152134
0.05569637874686775       0.009757446966228236
0.05669593694991193       0.009717968823397982
0.057695495152956106      0.009679240792155965
0.05869505335600028       0.009641234425929995
0.05969461155904446       0.009603922767577378
0.060694169762088634      0.009567280256083836
0.06169372796513281       0.009531282636552126
0.06269328616817699       0.009495906876161237
0.06369284437122116       0.00946113108636117
0.06469240257426534       0.009426934450959998
0.06569196077730952       0.00939329715963531
0.06669151898035369       0.009360200346406746
0.06769107718339787       0.009327626032640444
0.06869063538644204       0.009295557074198511
0.06969019358948622       0.009263977112379307
0.0706897517925304        0.009232870528333385
0.07168930999557457       0.009202222400665788
0.07268886819861875       0.009172018465965558
0.07368842640166293       0.009142245082026955
0.0746879846047071        0.009112889193546359
0.07568754280775128       0.009083938300101853
0.07668710101079546       0.009055380426237963
0.07768665921383963       0.009027204093492912
0.07868621741688381       0.00899939829422246
0.07968577561992798       0.008971952467084791
0.08068533382297216       0.008944856474063706
0.08168489202601634       0.008918100578917214
0.08268445022906051       0.0088916754269487
0.08368400843210469       0.008865572026005571
0.08468356663514887       0.008839781728618514
0.08568312483819304       0.008814296215201453
0.08668268304123722       0.008789107478238845
0.0876822412442814        0.008764207807392344
0.08868179944732557       0.008739589775464249
0.08968135765036975       0.008715246225160938
0.09068091585341392       0.008691170256602359
0.0916804740564581        0.00866735521552867
0.09268003225950228       0.00864379468215852
0.09367959046254645       0.008620482460657587
0.09467914866559063       0.008597412569177182
0.0956787068686348        0.008574579230427875
0.09667826507167898       0.008551976862754457
0.09767782327472316       0.008529600071680304
0.09867738147776733       0.008507443641893524
0.09967693968081151       0.008485502529647058
0.10067649788385569       0.008463771855547756
0.10167605608689986       0.008442246897712096
0.10267561428994404       0.008420923085265694
0.10367517249298822       0.008399795992166673
0.10467473069603239       0.008378861331334836
0.10567428889907657       0.00835811494906798
0.10667384710212074       0.00833755281972939
0.10767340530516492       0.008317171040691188
0.1086729635082091        0.00829696582751879
0.10967252171125327       0.008276933509383372
0.11067207991429745       0.00825707052469014
0.11167163811734163       0.008237373416909048
0.1126711963203858        0.008217838830598664
0.11367075452342998       0.00819846350761218
0.11467031272647416       0.008179244283475204
0.11566987092951833       0.008160178083927192
0.11666942913256251       0.008141261921616922
0.11766898733560668       0.008122492892944994
0.11866854553865086       0.008103868175044854
0.11966810374169504       0.00808538502289569
0.12066766194473921       0.008067040766560707
0.12166722014778339       0.008048832808543365
0.12266677835082757       0.008030758621256887
0.12366633655387174       0.008012815744600726
0.12466589475691592       0.007995001783639094
0.1256654529599601        0.007977314406375623
0.12666501116300427       0.007959751341621055
0.12766456936604845       0.007942310376947526
0.12866412756909262       0.007924989356727023
0.1296636857721368        0.007907786180249395
0.13066324397518098       0.007890698799915068
0.13166280217822515       0.00787372521950078
0.13266236038126933       0.007856863492493635
0.1336619185843135        0.007840111720491007
0.13466147678735768       0.007823468051662612
0.13566103499040186       0.00780693067927238
0.13666059319344603       0.007790497840257537
0.1376601513964902        0.007774167813861628
0.1386597095995344        0.007757938920319934
0.13965926780257856       0.007741809519594255
0.14065882600562274       0.0077257780101551285
0.14165838420866692       0.007709842827809488
0.1426579424117111        0.007694002444571794
0.14365750061475527       0.007678255367576537
0.14465705881779944       0.007662600138030353
0.14565661702084362       0.007647035330202464
0.1466561752238878        0.007631559550451115
0.14765573342693197       0.0076161714362853045
0.14865529162997615       0.00760086965545944
0.14965484983302033       0.007585652905100411
0.1506544080360645        0.007570519910865119
0.15165396623910868       0.00755546942612736
0.15265352444215285       0.007540500231193176
0.15365308264519703       0.007525611132542989
0.1546526408482412        0.0075108009620997885
0.15565219905128538       0.007496068576522338
0.15665175725432956       0.007481412856522252
0.15765131545737374       0.007466832706203868
0.1586508736604179        0.007452327052426469
0.1596504318634621        0.007437894844187652
0.16064999006650627       0.007423535052026765
0.16164954826955044       0.00740924666744835
0.16264910647259462       0.007395028702364276
0.1636486646756388        0.007380880188553705
0.16464822287868297       0.007366800177140859
0.16564778108172715       0.00735278773808936
0.16664733928477132       0.007338841959712753
0.1676468974878155        0.007324961948200481
0.16864645569085968       0.007311146827158787
0.16964601389390385       0.007297395737166182
0.17064557209694803       0.007283707835342533
0.1716451302999922        0.007270082294931779
0.17264468850303638       0.007256518304897132
0.17364424670608056       0.0072430150695290945
0.17464380490912473       0.007229571808065188
0.1756433631121689        0.007216187754321216
0.1766429213152131        0.0072028621563336725
0.17764247951825726       0.007189594276012946
0.17864203772130144       0.007176383388806764
0.17964159592434562       0.007163228783373618
0.1806411541273898        0.00715012976126586
0.18164071233043397       0.007137085636622148
0.18264027053347814       0.007124095735868755
0.18363982873652232       0.007111159397429619
0.1846393869395665        0.007098275971444758
0.18563894514261067       0.007085444819496715
0.18663850334565485       0.007072665314344844
0.18763806154869903       0.007059936839667266
0.1886376197517432        0.007047258789809899
0.18963717795478738       0.007034630569542824
0.19063673615783155       0.007022051593823116
0.19163629436087573       0.007009521287564643
0.1926358525639199        0.0069970390854139555
0.19363541076696408       0.0069846044315325494
0.19463496897000826       0.006972216779384959
0.19563452717305244       0.006959875591532716
0.1966340853760966        0.006947580339433896
0.1976336435791408        0.006935330503247959
0.19863320178218496       0.00692312557164612
0.19963275998522914       0.006910965041626388
0.20063231818827332       0.006898848418333847
0.2016318763913175        0.0068867752148856435
0.20263143459436167       0.006874744952200463
0.20363099279740585       0.006862757158832476
0.20463055100045002       0.006850811370809898
0.2056301092034942        0.006838907131477351
0.20662966740653838       0.006827043991342469
0.20762922560958255       0.006815221507926673
0.20862878381262673       0.006803439245619301
0.2096283420156709        0.006791696775535851
0.21062790021871508       0.00677999367537966
0.21162745842175926       0.006768329529307077
0.21262701662480343       0.006756703927796078
0.2136265748278476        0.006745116467518015
0.21462613303089179       0.006733566751212795
0.21562569123393596       0.006722054387566918
0.21662524943698014       0.006710578991094748
0.21762480764002431       0.006699140182022424
0.2186243658430685        0.006687737586174932
0.21962392404611267       0.006676370834865634
0.22062348224915684       0.006665039564788652
0.22162304045220102       0.006653743417913744
0.2226225986552452        0.006642482041383763
0.22362215685828937       0.0066312550874145695
0.22462171506133355       0.00662006221319732
0.22562127326437773       0.006608903080802956
0.2266208314674219        0.006597777357089129
0.22762038967046608       0.0065866847136092106
0.22861994787351025       0.006575624826523432
0.22961950607655443       0.006564597376512061
0.2306190642795986        0.00655360204869068
0.23161862248264278       0.006542638532527314
0.23261818068568696       0.00653170652176162
0.23361773888873114       0.006520805714325691
0.2346172970917753        0.006509935812266792
0.2356168552948195        0.006499096521671976
0.23661641349786366       0.006488287552594132
0.23761597170090784       0.006477508618979905
0.23861552990395202       0.006466759438599088
0.2396150881069962        0.006456039732975791
0.24061464631004037       0.006445349227320867
0.24161420451308455       0.006434687650465992
0.24261376271612872       0.006424054734799258
0.2436133209191729        0.006413450216202009
0.24461287912221708       0.00640287383398706
0.24561243732526125       0.006392325330838603
0.24661199552830543       0.006381804452752894
0.2476115537313496        0.0063713109489805
0.24861111193439378       0.006360844571969912
0.24961067013743796       0.006350405077312044
0.25061022834048213       0.006339992223686152
0.2516097865435263        0.006329605772806791
0.25260934474657043       0.006319245489372054
0.2536089029496146        0.006308911141012565
0.2546084611526587        0.006298602498241907
0.2556080193557029        0.006288319334407882
0.256607577558747         0.006278061425644802
0.2576071357617912        0.00626782855082686
0.2586066939648353        0.006257620491522305
0.25960625216787947       0.0062474370319487525
0.2606058103709236        0.006237277958929249
0.26160536857396777       0.006227143061849262
0.2626049267770119        0.006217032132614681
0.26360448498005606       0.006206944965610438
0.2646040431831002        0.006196881357660096
0.26560360138614436       0.0061868411079863805
0.2666031595891885        0.006176824018172185
0.26760271779223266       0.006166829892122598
0.2686022759952768        0.006156858536027571
0.26960183419832096       0.006146909758325388
0.2706013924013651        0.0061369833696668374
0.27160095060440925       0.00612707918288009
0.2726005088074534        0.006117197012936163
0.27360006701049755       0.00610733667691522
0.2745996252135417        0.006097497993973447
0.27559918341658585       0.006087680785310504
0.27659874161963          0.006077884874137733
0.27759829982267414       0.006068110085646889
0.2785978580257183        0.0060583562469794724
0.27959741622876244       0.006048623187196694
0.2805969744318066        0.00603891073724999
0.28159653263485074       0.0060292187299519
0.2825960908378949        0.006019546999947958
0.28359564904093904       0.0060098953836886515
0.2845952072439832        0.006000263719402146
0.28559476544702733       0.005990651847067305
0.2865943236500715        0.005981059608387577
0.28759388185311563       0.00597148684676506
0.2885934400561598        0.005961933407274977
0.2895929982592039        0.005952399136641024
0.2905925564622481        0.005942883883210693
0.2915921146652922        0.005933387496931399
0.29259167286833637       0.005923909829326902
0.2935912310713805        0.0059144507334740765
0.29459078927442467       0.005905010063980247
0.2955903474774688        0.005895587676960858
0.29658990568051297       0.005886183430017525
0.2975894638835571        0.005876797182216595
0.29858902208660126       0.005867428794067873
0.2995885802896454        0.005858078127503889
0.30058813849268956       0.005848745045859572
0.3015876966957337        0.005839429413852131
0.30258725489877786       0.005830131097561331
0.303586813101822         0.005820849964410159
0.30458637130486615       0.005811585883145878
0.3055859295079103        0.005802338723821269
0.30658548771095445       0.005793108357776259
0.3075850459139986        0.005783894657619938
0.30858460411704275       0.00577469749721273
0.3095841623200869        0.005765516751649052
0.31058372052313105       0.0057563522972401
0.3115832787261752        0.005747204011497073
0.31258283692921934       0.005738071773114533
0.3135823951322635        0.005728955461954165
0.31458195333530764       0.005719854959028813
0.3155815115383518        0.0057107701464867
0.31658106974139594       0.005701700907595813
0.3175806279444401        0.0056926471267289384
0.31858018614748423       0.005683608689348559
0.3195797443505284        0.005674585481992059
0.32057930255357253       0.005665577392257443
0.3215788607566167        0.0056565843087889225
0.32257841895966083       0.005647606121262912
0.323577977162705         0.0056386427203744035
0.3245775353657491        0.005629693997823259
0.3255770935687933        0.00562075984630093
0.3265766517718374        0.00561184015947739
0.32757620997488157       0.005602934831988029
0.3285757681779257        0.005594043759421274
0.32957532638096987       0.0055851668383057945
0.330574884584014         0.005576303966098353
0.33157444278705817       0.0055674550411716536
0.3325740009901023        0.005558619962802432
0.33357355919314646       0.0055497986311597415
0.3345731173961906        0.0055409909472934156
0.33557267559923476       0.005532196813122666
0.3365722338022789        0.00552341613142498
0.33757179200532306       0.005514648805825037
0.3385713502083672        0.005505894740783853
0.33957090841141135       0.005497153841588231
0.3405704666144555        0.005488426014340155
0.34157002481749965       0.005479711165946441
0.3425695830205438        0.005471009204108562
0.34356914122358795       0.0054623200373127255
0.3445686994266321        0.005453643574819802
0.34556825762967625       0.005444979726655719
0.3465678158327204        0.005436328403601857
0.34756737403576454       0.005427689517185672
0.3485669322388087        0.005419062979671296
0.34956649044185284       0.005410448704050391
0.350566048644897         0.005401846604033212
0.35156560684794114       0.005393256594039684
0.3525651650509853        0.005384678589190579
0.35356472325402943       0.005376112505299021
0.3545642814570736        0.005367558258861833
0.35556383966011773       0.005359015767051333
0.3565633978631619        0.005350484947706935
0.35756295606620603       0.005341965719327165
0.3585625142692502        0.00533345800106149
0.3595620724722943        0.005324961712702556
0.3605616306753385        0.005316476774678317
0.3615611888783826        0.005308003108044374
0.36256074708142677       0.005299540634476539
0.3635603052844709        0.005291089276263188
0.36455986348751507       0.005282648956298059
0.3655594216905592        0.005274219598073009
0.36655897989360336       0.005265801125670745
0.3675585380966475        0.0052573934637578715
0.36855809629969166       0.005248996537578097
0.3695576545027358        0.0052406102729451445
0.37055721270577996       0.0052322345962361565
0.3715567709088241        0.005223869434384944
0.37255632911186826       0.00521551471487554
0.3735558873149124        0.0052071703657356645
0.37455544551795655       0.005198836315530366
0.3755550037210007        0.005190512493355715
0.37655456192404485       0.005182198828832623
0.377554120127089         0.005173895252100713
0.37855367833013315       0.005165601693812305
0.3795532365331773        0.005157318085126349
0.38055279473622144       0.005149044357702694
0.3815523529392656        0.005140780443696263
0.38255191114230974       0.0051325262757513
0.3835514693453539        0.005124281786995715
0.38455102754839804       0.005116046911035604
0.3855505857514422        0.005107821581949681
0.38655014395448634       0.005099605734283809
0.3875497021575305        0.005091399303045847
0.38854926036057463       0.005083202223700175
0.3895488185636188        0.005075014432162628
0.39054837676666293       0.005066835864795242
0.3915479349697071        0.0050586664584012665
0.3925474931727512        0.005050506150220186
0.3935470513757954        0.005042354877922673
0.3945466095788395        0.005034212579605717
0.3955461677818837        0.0050260791937880005
0.3965457259849278        0.005017954659404928
0.39754528418797197       0.0050098389158040185
0.3985448423910161        0.005001731902740333
0.39954440059406027       0.004993633560371765
0.4005439587971044        0.004985543829254624
0.40154351700014856       0.0049774626503392636
0.4025430752031927        0.004969389964965489
0.40354263340623686       0.004961325714858314
0.404542191609281         0.004953269842123667
0.40554174981232516       0.004945222289244193
0.4065413080153693        0.004937182999074962
0.40754086621841346       0.004929151914839398
0.4085404244214576        0.004921128980125266
0.40953998262450175       0.004913114138880506
0.4105395408275459        0.004905107335409313
0.41153909903059005       0.004897108514368248
0.4125386572336342        0.004889117620762325
0.41353821543667835       0.004881134599941113
0.4145377736397225        0.0048731593975949086
0.41553733184276664       0.0048651919597512625
0.4165368900458108        0.00485723223277092
0.41753644824885494       0.0048492801633444015
0.4185360064518991        0.004841335698488307
0.41953556465494324       0.004833398785541729
0.4205351228579874        0.0048254693721627075
0.42153468106103154       0.004817547406324901
0.4225342392640757        0.004809632836313912
0.42353379746711983       0.004801725610724006
0.424533355670164         0.004793825678454743
0.42553291387320813       0.004785932988707626
0.4265324720762523        0.004778047490982887
0.4275320302792964        0.004770169135076012
0.4285315884823406        0.004762297871074826
0.4295311466853847        0.004754433649356082
0.4305307048884289        0.004746576420582464
0.431530263091473         0.0047387261356994104
0.43252982129451717       0.004730882745932041
0.4335293794975613        0.004723046202782207
0.43452893770060547       0.004715216458025342
0.4355284959036496        0.0047073934637076025
0.43652805410669376       0.004699577172142871
0.4375276123097379        0.004691767535909992
0.43852717051278206       0.004683964507849692
0.4395267287158262        0.004676168041061869
0.44052628691887036       0.004668378088902775
0.4415258451219145        0.004660594604982209
0.44252540332495865       0.0046528175431607924
0.4435249615280028        0.004645046857547287
0.44452451973104695       0.004637282502495749
0.4455240779340911        0.004629524432603031
0.44652363613713525       0.0046217726027061624
0.4475231943401794        0.0046140269678795805
0.44852275254322355       0.004606287483432752
0.4495223107462677        0.004598554104907525
0.45052186894931184       0.00459082678807551
0.451521427152356         0.004583105488935759
0.45252098535540014       0.004575390163712273
0.4535205435584443        0.00456768076885143
0.45452010176148844       0.004559977261019636
0.4555196599645326        0.004552279597100993
0.45651921816757673       0.004544587734194862
0.4575187763706209        0.004536901629613509
0.45851833457366503       0.0045292212408798126
0.4595178927767092        0.004521546525724982
0.46051745097975333       0.004513877442086204
0.4615170091827975        0.004506213948104477
0.4625165673858416        0.004498556002122353
0.4635161255888858        0.004490903562681702
0.4645156837919299        0.004483256588521563
0.46551524199497407       0.004475615038575928
0.4665148001980182        0.004467978871971613
0.46751435840106237       0.0044603480480262265
0.4685139166041065        0.004452722526245909
0.46951347480715067       0.004445102266323402
0.4705130330101948        0.004437487228135829
0.47151259121323896       0.004429877371742804
0.4725121494162831        0.004422272657384296
0.47351170761932726       0.004414673045478684
0.4745112658223714        0.004407078496620764
0.47551082402541556       0.0043994889715796995
0.4765103822284597        0.004391904431297235
0.47750994043150385       0.004384324836885559
0.478509498634548         0.004376750149625592
0.47950905683759215       0.004369180330964957
0.4805086150406363        0.004361615342516013
0.48150817324368045       0.004354055146054332
0.4825077314467246        0.004346499703516469
0.48350728964976875       0.004338948976998396
0.4845068478528129        0.004331402928753433
0.48550640605585704       0.004323861521190749
0.4865059642589012        0.00431632471687332
0.48750552246194534       0.004308792478516306
0.4885050806649895        0.004301264768985312
0.48950463886803364       0.004293741551294536
0.4905041970710778        0.004286222788605075
0.49150375527412193       0.0042787084442232805
0.4925033134771661        0.004271198481599098
0.49350287168021023       0.004263692864324152
0.4945024298832544        0.004256191556130362
0.49550198808629853       0.00424869452088817
0.4965015462893427        0.004241201722604856
0.4975011044923868        0.004233713125422963
0.498500662695431         0.004226228693618631
0.4995002208984751        0.004218748391600088
0.5004997791015193        0.004211272183905977
0.5014993373045635        0.004203800035203843
0.5024988955076077        0.004196331910288479
0.5034984537106519        0.004188867774080448
0.5044980119136961        0.0041814075916246
0.5054975701167403        0.004173951328088317
0.5064971283197846        0.004166498948760231
0.5074966865228288        0.004159050419048621
0.508496244725873         0.0041516057044798885
0.5094958029289172        0.00414416477069713
0.5104953611319614        0.004136727583458652
0.5114949193350056        0.004129294108636425
0.5124944775380498        0.0041218643122147925
0.513494035741094         0.004114438160288827
0.5144935939441382        0.004107015619063112
0.5154931521471824        0.004099596654850095
0.5164927103502266        0.004092181234068891
0.5174922685532708        0.00408476932324363
0.518491826756315         0.0040773608890023435
0.5194913849593592        0.004069955898075406
0.5204909431624034        0.0040625543172940716
0.5214905013654476        0.004055156113589338
0.5224900595684918        0.00404776125399044
0.523489617771536         0.004040369705623506
0.5244891759745802        0.004032981435710242
0.5254887341776244        0.0040255964115665805
0.5264882923806686        0.004018214600601414
0.5274878505837128        0.004010835970315168
0.528487408786757         0.00400346048829856
0.5294869669898012        0.003996088122231242
0.5304865251928454        0.003988718839880623
0.5314860833958897        0.003981352609100414
0.5324856415989339        0.003973989397829492
0.5334851998019781        0.003966629174090553
0.5344847580050223        0.0039592719059888155
0.5354843162080665        0.003951917561710782
0.5364838744111107        0.0039445661095231024
0.5374834326141549        0.003937217517771166
0.5384829908171991        0.003929871754877882
0.5394825490202433        0.003922528789342525
0.5404821072232875        0.003915188589739417
0.5414816654263317        0.003907851124716767
0.5424812236293759        0.0039005163629954247
0.5434807818324201        0.00389318427336776
0.5444803400354643        0.003885854824696228
0.5454798982385085        0.0038785279859123558
0.5464794564415527        0.0038712037260155187
0.5474790146445969        0.00386388201407178
0.5484785728476411        0.0038565628192126014
0.5494781310506853        0.0038492461106336834
0.5504776892537295        0.003841931857593861
0.5514772474567737        0.003834620029413898
0.5524768056598179        0.0038273105954753123
0.5534763638628621        0.0038200035252191965
0.5544759220659063        0.0038126987881450846
0.5554754802689505        0.0038053963538098082
0.5564750384719948        0.0037980961918263104
0.557474596675039         0.0037907982718625288
0.5584741548780832        0.003783502563640229
0.5594737130811274        0.003776209036933884
0.5604732712841716        0.00376891766156954
0.5614728294872158        0.0037616284074236607
0.56247238769026          0.0037543412444220325
0.5634719458933042        0.0037470561425386
0.5644715040963484        0.0037397730717943865
0.5654710622993926        0.003732492002256332
0.5664706205024368        0.0037252129040362134
0.567470178705481         0.003717935747289519
0.5684697369085252        0.003710660502214293
0.5694692951115694        0.003703387139050115
0.5704688533146136        0.0036961156280769267
0.5714684115176578        0.003688845939613928
0.572467969720702         0.0036815780440184825
0.5734675279237462        0.003674311911685069
0.5744670861267904        0.0036670475130441103
0.5754666443298346        0.0036597848185609084
0.5764662025328788        0.0036525237987345633
0.577465760735923         0.0036452644240968584
0.5784653189389672        0.003638006665211145
0.5794648771420114        0.0036307504926713237
0.5804644353450557        0.0036234958771006747
0.5814639935480999        0.003616242789150812
0.5824635517511441        0.003608991199500632
0.5834631099541883        0.003601741078855138
0.5844626681572325        0.0035944923979444347
0.5854622263602767        0.0035872451275225786
0.5864617845633209        0.003579999238366563
0.5874613427663651        0.0035727547012751612
0.5884609009694093        0.003565511487067901
0.5894604591724535        0.0035582695665839453
0.5904600173754977        0.003551028910681023
0.5914595755785419        0.0035437894902343435
0.5924591337815861        0.003536551276135502
0.5934586919846303        0.0035293142392914365
0.5944582501876745        0.003522078350623266
0.5954578083907187        0.00351484358106528
0.5964573665937629        0.0035076099015638193
0.5974569247968071        0.0035003772830761847
0.5984564829998513        0.003493145696569576
0.5994560412028955        0.0034859151130199623
0.6004555994059397        0.003478685503411007
0.6014551576089839        0.003471456838733017
0.6024547158120281        0.00346422908998182
0.6034542740150723        0.003457002228157605
0.6044538322181165        0.003449776224263946
0.6054533904211608        0.0034425510493066493
0.606452948624205         0.003435326674292633
0.6074525068272492        0.003428103070228846
0.6084520650302934        0.0034208802081211716
0.6094516232333376        0.003413658058973296
0.6104511814363818        0.0034064365937856453
0.611450739639426         0.0033992157835542316
0.6124502978424702        0.0033919955992695564
0.6134498560455144        0.003384776011915477
0.6144494142485586        0.0033775569924681444
0.6154489724516028        0.0033703385118948005
0.616448530654647         0.003363120541152711
0.6174480888576912        0.003355903051188023
0.6184476470607354        0.003348686012934618
0.6194472052637796        0.0033414693973129834
0.6204467634668238        0.0033342531752290757
0.621446321669868         0.00332703731757319
0.6224458798729122        0.003319821795218796
0.6234454380759564        0.003312606579021392
0.6244449962790006        0.00330539163981734
0.6254445544820448        0.0032981769484227187
0.626444112685089         0.003290962475632135
0.6274436708881332        0.0032837481922176077
0.6284432290911774        0.0032765340689273324
0.6294427872942217        0.003269320076484529
0.6304423454972659        0.0032621061855862762
0.6314419037003101        0.0032548923669022643
0.6324414619033543        0.0032476785910736583
0.6334410201063985        0.0032404648287118996
0.6344405783094427        0.003233251050397415
0.6354401365124869        0.0032260372266784965
0.6364396947155311        0.003218823328070046
0.6374392529185753        0.0032116093250523703
0.6384388111216195        0.0032043951880698926
0.6394383693246637        0.00319718088752998
0.6404379275277079        0.003189966393801676
0.6414374857307521        0.003182751677214399
0.6424370439337963        0.003175536708056786
0.6434366021368405        0.0031683214565753214
0.6444361603398847        0.0031611058929731286
0.6454357185429289        0.003153889987408654
0.6464352767459731        0.003146673709994396
0.6474348349490173        0.0031394570307956135
0.6484343931520615        0.003132239919829
0.6494339513551057        0.0031250223470613778
0.6504335095581499        0.003117804282408352
0.6514330677611941        0.0031105856957330284
0.6524326259642383        0.0031033665568446253
0.6534321841672825        0.0030961468354971534
0.6544317423703268        0.0030889265013880436
0.655431300573371         0.0030817055241567793
0.6564308587764152        0.0030744838733835034
0.6574304169794594        0.0030672615185876563
0.6584299751825036        0.00306003842922656
0.6594295333855478        0.003052814574694
0.660429091588592         0.0030455899243188216
0.6614286497916362        0.0030383644473634943
0.6624282079946804        0.0030311381130226737
0.6634277661977246        0.003023910890421701
0.6644273244007688        0.003016682748615219
0.665426882603813         0.003009453656585645
0.6664264408068572        0.0030022235832416625
0.6674259990099014        0.0029949924974167342
0.6684255572129456        0.0029877603678676607
0.6694251154159898        0.0029805271632729084
0.670424673619034         0.002973292852231187
0.6714242318220782        0.002966057403259853
0.6724237900251224        0.002958820784793351
0.6734233482281666        0.0029515829651816034
0.6744229064312108        0.002944343912688442
0.675422464634255         0.0029371035954899828
0.6764220228372992        0.002929861981673033
0.6774215810403434        0.0029226190392334104
0.6784211392433876        0.0029153747360742945
0.6794206974464319        0.002908129040004555
0.6804202556494761        0.0029008819187370935
0.6814198138525203        0.002893633339887104
0.6824193720555645        0.0028863832709703436
0.6834189302586087        0.002879131679401488
0.6844184884616529        0.0028718785324922027
0.6854180466646971        0.002864623797449537
0.6864176048677413        0.0028573674413740436
0.6874171630707855        0.0028501094312579946
0.6884167212738297        0.002842849733983574
0.6894162794768739        0.002835588316320971
0.6904158376799181        0.002828325144926567
0.6914153958829623        0.0028210601863410396
0.6924149540860065        0.002813793406987474
0.6934145122890507        0.002806524773169365
0.6944140704920949        0.002799254251068724
0.6954136286951391        0.002791981806744135
0.6964131868981833        0.0027847074061287083
0.6974127451012275        0.002777431015028104
0.6984123033042717        0.002770152599118462
0.6994118615073159        0.002762872123944351
0.7004114197103601        0.0027555895549167706
0.7014109779134043        0.002748304857310933
0.7024105361164485        0.0027410179962641112
0.7034100943194928        0.002733728936773628
0.704409652522537         0.0027264376436945586
0.7054092107255812        0.00271914408173757
0.7064087689286254        0.002711848215466645
0.7074083271316696        0.0027045500092968797
0.7084078853347138        0.0026972494274921568
0.709407443537758         0.002689946434162845
0.7104070017408022        0.0026826409932634737
0.7114065599438464        0.0026753330685902665
0.7124061181468906        0.0026680226237788865
0.7134056763499348        0.0026607096223018882
0.714405234552979         0.002653394027466288
0.7154047927560232        0.0026460758024110707
0.7164043509590674        0.002638754910104699
0.7174039091621116        0.002631431313342504
0.7184034673651558        0.0026241049747441
0.7194030255682           0.002616775856750754
0.7204025837712442        0.0026094439216227416
0.7214021419742884        0.0026021091314366693
0.7224017001773326        0.0025947714480827134
0.7234012583803768        0.002587430833261817
0.724400816583421         0.002580087248482967
0.7254003747864652        0.0025727406550602825
0.7263999329895094        0.002565391014110129
0.7273994911925536        0.0025580382865482846
0.7283990493955979        0.0025506824330868423
0.7293986075986421        0.0025433234142312935
0.7303981658016863        0.0025359611902774784
0.7313977240047305        0.0025285957213084746
0.7323972822077747        0.002521226967191441
0.7333968404108189        0.002513854887574456
0.7343963986138631        0.0025064794418833305
0.7353959568169073        0.0024991005893183014
0.7363955150199515        0.002491718288850714
0.7373950732229957        0.002484332499219646
0.7383946314260399        0.0024769431789285314
0.7393941896290841        0.0024695502862416346
0.7403937478321283        0.002462153779180556
0.7413933060351725        0.002454753615520711
0.7423928642382167        0.002447349752787602
0.7433924224412609        0.0024399421482532596
0.7443919806443051        0.002432530758932381
0.7453915388473493        0.002425115541578651
0.7463910970503935        0.00241769645268081
0.7473906552534377        0.0024102734484587798
0.7483902134564819        0.00240284648485966
0.7493897716595261        0.002395415517553776
0.7503893298625703        0.0023879805019304556
0.7513888880656145        0.0023805413930939605
0.7523884462686588        0.0023730981458592185
0.753388004471703         0.002365650714747569
0.7543875626747472        0.0023581990539823326
0.7553871208777914        0.002350743117484399
0.7563866790808356        0.0023432828588677767
0.7573862372838798        0.0023358182314349215
0.758385795486924         0.002328349188172116
0.7593853536899682        0.0023208756817447345
0.7603849118930124        0.0023133976644924784
0.7613844700960566        0.002305915088424368
0.7623840282991008        0.002298427905213874
0.763383586502145         0.002290936066193844
0.7643831447051892        0.0022834395223512555
0.7653827029082334        0.0022759382243221116
0.7663822611112776        0.0022684321223860396
0.7673818193143218        0.0022609211664609127
0.768381377517366         0.0022534053060973194
0.7693809357204102        0.0022458844904729713
0.7703804939234544        0.0022383586683869224
0.7713800521264986        0.002230827788253921
0.7723796103295428        0.0022232917980983457
0.773379168532587         0.0022157506455483355
0.7743787267356312        0.002208204277829503
0.7753782849386754        0.002200652641758823
0.7763778431417196        0.002193095683738289
0.7773774013447639        0.0021855333497483665
0.7783769595478081        0.0021779655853415205
0.7793765177508523        0.0021703923356354406
0.7803760759538965        0.002162813545306235
0.7813756341569407        0.002155229158581475
0.7823751923599849        0.0021476391192331726
0.7833747505630291        0.002140043370570507
0.7843743087660733        0.0021324418554324602
0.7853738669691175        0.002124834516180372
0.7863734251721617        0.0021172212946903154
0.7873729833752059        0.0021096021323452683
0.7883725415782501        0.002101976970027249
0.7893720997812943        0.0020943457481091424
0.7903716579843385        0.0020867084064465427
0.7913712161873827        0.002079064884369319
0.7923707743904269        0.0020714151206730445
0.7933703325934711        0.0020637590536102647
0.7943698907965153        0.002056096620881595
0.7953694489995595        0.0020484277596265693
0.7963690072026037        0.0020407524064144427
0.7973685654056479        0.0020330704972346915
0.7983681236086921        0.002025381967487361
0.7993676818117363        0.0020176867519731885
0.8003672400147805        0.00200998478488359
0.8013667982178247        0.002002275999790395
0.802366356420869         0.0019945603296352924
0.8033659146239132        0.001986837706719208
0.8043654728269574        0.0019791080626913623
0.8053650310300016        0.0019713713285380787
0.8063645892330458        0.0019636274345714248
0.80736414743609          0.0019558763104175893
0.8083637056391342        0.0019481178850049507
0.8093632638421784        0.0019403520865518946
0.8103628220452226        0.0019325788425545213
0.8113623802482668        0.0019247980797738673
0.812361938451311         0.001917009724222953
0.8133614966543552        0.0019092137011535492
0.8143610548573994        0.0019014099350426336
0.8153606130604436        0.0018935983495785057
0.8163601712634878        0.0018857788676466488
0.817359729466532         0.0018779514113152467
0.8183592876695762        0.001870115901820361
0.8193588458726204        0.0018622722595507484
0.8203584040756646        0.0018544204040323795
0.8213579622787088        0.0018465602539125638
0.822357520481753         0.0018386917269436948
0.8233570786847972        0.0018308147399666325
0.8243566368878414        0.001822929208893669
0.8253561950908856        0.0018150350486911054
0.8263557532939299        0.0018071321733614098
0.827355311496974         0.0017992204959248964
0.8283548697000183        0.0017912999284010315
0.8293544279030625        0.001783370381789193
0.8303539861061067        0.0017754317660489947
0.8313535443091509        0.0017674839900800844
0.8323531025121951        0.0017595269617014624
0.8333526607152393        0.0017515605876301612
0.8343522189182835        0.0017435847734594695
0.8353517771213277        0.001735599423636439
0.8363513353243719        0.0017276044414388397
0.8373508935274161        0.001719599728951386
0.8383504517304603        0.001711585187041201
0.8393500099335045        0.0017035607153325176
0.8403495681365487        0.0016955262121804867
0.8413491263395929        0.001687481574643958
0.8423486845426371        0.0016794266984571202
0.8433482427456813        0.0016713614779998828
0.8443478009487255        0.0016632858062665674
0.8453473591517697        0.0016551995748328274
0.8463469173548139        0.0016471026738201144
0.8473464755578581        0.0016389949918572259
0.8483460337609023        0.0016308764160380647
0.8493455919639465        0.0016227468318744365
0.8503451501669907        0.0016146061232423497
0.851344708370035         0.0016064541723195447
0.8523442665730792        0.0015982908595112187
0.8533438247761234        0.0015901160633596794
0.8543433829791676        0.0015819296604318576
0.8553429411822118        0.0015737315251761223
0.856342499385256         0.0015655215297365578
0.8573420575883002        0.0015572995437075816
0.8583416157913444        0.0015490654338047105
0.8593411739943886        0.0015408190634171879
0.8603407321974328        0.0015325602919929408
0.861340290400477         0.001524288974185481
0.8623398486035212        0.0015160049586608966
0.8633394068065654        0.0015077080864183041
0.8643389650096096        0.0014993981884112632
0.8653385232126538        0.00149107508216199
0.866338081415698         0.0014827385669328066
0.8673376396187422        0.0014743884177386701
0.8683371978217864        0.0014660244317939444
0.8693367560248306        0.001457646477905509
0.8703363142278748        0.0014492544194636796
0.871335872430919         0.0014408481152863666
0.8723354306339632        0.0014324274204900063
0.8733349888370074        0.0014239921867220157
0.8743345470400516        0.001415542262208411
0.8753341052430959        0.0014070774917557178
0.87633366344614          0.0013985977167411297
0.8773332216491843        0.0013901027750984271
0.8783327798522285        0.0013815925012745649
0.8793323380552727        0.0013730667261852522
0.8803318962583169        0.0013645252771709731
0.8813314544613611        0.0013559679779379722
0.8823310126644053        0.0013473946484951417
0.8833305708674495        0.001338805105084754
0.8843301290704937        0.0013301991601076062
0.8853296872735379        0.001321576622043953
0.8863292454765821        0.0013129372953691232
0.8873288036796263        0.0013042809804638222
0.8883283618826705        0.001295607473519268
0.8893279200857147        0.0012869165664371703
0.8903274782887589        0.0012782080467243846
0.8913270364918031        0.0012694816973821584
0.8923265946948473        0.0012607372967899536
0.8933261528978915        0.0012519746185833997
0.8943257111009357        0.0012431934315265901
0.8953252693039799        0.001234393499378011
0.8963248275070241        0.0012255745807504025
0.8973243857100683        0.0012167364289638858
0.8983239439131125        0.0012078787918923578
0.8993235021161567        0.0011990014118026268
0.900323060319201         0.0011901040251862604
0.9013226185222452        0.0011811863625835134
0.9023221767252894        0.001172248148399153
0.9033217349283336        0.0011632891007097464
0.9043212931313778        0.0011543089310619569
0.905320851334422         0.001145307344261467
0.9063204095374662        0.0011362840381519378
0.9073199677405104        0.0011272387033835136
0.9083195259435546        0.001118171023170513
0.9093190841465988        0.001109080673037274
0.910318642349643         0.0010999673205519698
0.9113182005526872        0.0010908306250472723
0.9123177587557314        0.0010816702373275203
0.9133173169587756        0.0010724857993612156
0.9143168751618198        0.0010632769439581297
0.915316433364864         0.0010540432944300643
0.9163159915679082        0.0010447844642342621
0.9173155497709524        0.0010355000565981916
0.9183151079739966        0.0010261896641247915
0.9193146661770408        0.00101685286837652
0.920314224380085         0.0010074892394371909
0.9213137825831292        9.980983354497867E-4
0.9223133407861734        9.886797021288578E-4
0.9233128989892176        9.792328722456325E-4
0.9243124571922618        9.697573650841096E-4
0.925312015395306         9.60252685866066E-4
0.9263115735983503        9.507183251428707E-4
0.9273111318013945        9.411537581518674E-4
0.9283106900044387        9.315584441348147E-4
0.9293102482074829        9.21931825615765E-4
0.9303098064105271        9.122733276355323E-4
0.9313093646135713        9.02582356939567E-4
0.9323089228166155        8.928583011157948E-4
0.9333084810196597        8.831005276788337E-4
0.9343080392227039        8.733083830961095E-4
0.9353075974257481        8.634811917515354E-4
0.9363071556287923        8.536182548414467E-4
0.9373067138318365        8.437188491972206E-4
0.9383062720348807        8.337822260280652E-4
0.9393058302379249        8.238076095770546E-4
0.9403053884409691        8.137941956826079E-4
0.9413049466440133        8.037411502366148E-4
0.9423045048470575        7.936476075299439E-4
0.9433040630501017        7.835126684744338E-4
0.9443036212531459        7.733353986899311E-4
0.9453031794561901        7.63114826443414E-4
0.9463027376592343        7.528499404257446E-4
0.9473022958622785        7.425396883771859E-4
0.948293321080098         7.32271499663847E-4
0.9492659085051165        7.22148735919952E-4
0.9502203884056653        7.121695229805021E-4
0.9511570979056202        7.023318134928328E-4
0.9520763678523225        6.926335731935547E-4
0.9529785229334343        6.830727934520962E-4
0.9538638817916192        6.736474942829528E-4
0.9547327571370865        6.643557248023982E-4
0.9555854558580423        6.55195562994834E-4
0.956422279129082         6.461651152948546E-4
0.9572435225175657        6.372625161253791E-4
0.9580494760880134        6.284859274301369E-4
0.9588404245045562        6.198335382120055E-4
0.9596166471314802        6.113035640798169E-4
0.960378418131898         6.028942468044283E-4
0.9611260065645841        5.946038538842261E-4
0.9618596764790064        5.864306781196557E-4
0.9625796870085895        5.783730371969041E-4
0.9632862924622406        5.70429273280208E-4
0.9639797424141721        5.625977526128078E-4
0.9646602817920512        5.548768651262327E-4
0.9653281509635091        5.472650240577407E-4
0.9659835858210395        5.397606655757876E-4
0.9666268178653152        5.323622484131648E-4
0.9672580742869563        5.250682535077677E-4
0.9678775780467725        5.178771836509033E-4
0.9684855479545137        5.107875631426322E-4
0.9690821987461549        5.037979374542859E-4
0.9696677411597403        4.969068728978769E-4
0.9702423820098163        4.901129563021855E-4
0.9708063242604799        4.8341479469540095E-4
0.9713597670970642        4.768110149942473E-4
0.9719029059964928        4.70300263699198E-4
0.9724359327963208        4.63881206595877E-4
0.972959035762494         4.5755252846233277E-4
0.9734723996558425        4.513129327820837E-4
0.9739762057973415        4.4516114146272046E-4
0.9744706321321509        4.390958945600711E-4
0.9749558532924683        4.331159500076991E-4
0.9754320406592083        4.2722008335130174E-4
0.9758993624225346        4.2140708748859796E-4
0.9763579836412652        4.156757724135978E-4
0.9768080663011712        4.10024964966065E-4
0.9772497693721909        4.0445350858529273E-4
0.9776832488645777        3.989602630685659E-4
0.9781086578840041        3.935441043338325E-4
0.9785261466856374        3.8820392418668925E-4
0.9789358627272112        3.829386300915206E-4
0.9793379507211077        3.777471449465035E-4
0.97973255268547          3.726284068625492E-4
0.9801198079943627        3.675813689461986E-4
0.9804998534270003        3.6260499908574706E-4
0.9808728232160566        3.5769827974136624E-4
0.9812388490950763        3.5286020773842887E-4
0.9815980603450043        3.480897940641816E-4
0.9819505838398468        3.433860636678208E-4
0.9822965440914836        3.3874805526361816E-4
0.9826360632936469        3.341748211371374E-4
0.9829692613650788        3.2966542695438226E-4
0.9832962559918881        3.2521895157406754E-4
0.9836171626691168        3.2083448686243913E-4
0.9839320947415324        3.165111375110882E-4
0.9842411634436631        3.1224802085723065E-4
0.9845444779390842        3.0804426670677433E-4
0.984842145358976         3.038990171599976E-4
0.9851342708399625        2.998114264392914E-4
0.9854209575612457        2.9578066071992933E-4
0.9857023067810484        2.9180589796267336E-4
0.9859784178723798        2.8788632774906964E-4
0.9862493883581325        2.8402115111877095E-4
0.9865153139455294        2.8020958040913375E-4
0.9867762885599268        2.7645083909706757E-4
0.9870324043779892        2.727441616428669E-4
0.9872837518602462        2.69088793336178E-4
0.9875304197830431        2.654839901440293E-4
0.9877724952698979        2.6192901856080284E-4
0.988010063822271         2.584231554601979E-4
0.988243209349768         2.5496568794906415E-4
0.9884720141997736        2.5155591322312157E-4
0.9886965591865383        2.481931384247314E-4
0.9889169236197222        2.448766805021401E-4
0.9891331853324066        2.4160586607077232E-4
0.9893454207085854        2.3838003127623603E-4
0.9895537047101436        2.351985216589882E-4
0.9897581109033342        2.3206069202085308E-4
0.9899587114847623        2.2896590629298014E-4
0.9901555773068839        2.2591353740580579E-4
0.9903487779030321        2.22902967160224E-4
0.990538381511977         2.1993358610086544E-4
0.9907244551020256        2.170047933905276E-4
0.9909070643946769        2.1411599668637898E-4
0.9910862738878348        2.1126661201770094E-4
0.9912621468785875        2.0845606366517647E-4
0.9914347454855661        2.0568378404140885E-4
0.991604130670883         2.029492135735464E-4
0.9917703622616654        2.0025180058660773E-4
0.9919334989711855        1.9759100118896266E-4
0.992093598419598         1.9496627915853166E-4
0.9922507171542926        1.92377105830981E-4
0.9924049106698656        1.898229599892886E-4
0.992556233427721         1.873033277539086E-4
0.9927047388753065        1.8481770247548015E-4
0.9928504794649919        1.823655846279337E-4
0.9929935066725932        1.7994648170335456E-4
0.9931338710155567        1.775599081076749E-4
0.9932716220707997        1.752053850585404E-4
0.9934068084922218        1.7288244048364968E-4
0.9935394780278912        1.7059060892026868E-4
0.9936696775369058        1.6832943141674873E-4
0.9937974530059478        1.6609845543455595E-4
0.9939228495655231        1.6389723475156064E-4
0.9940459115059039        1.6172532936713555E-4
0.9941666822927705        1.5958230540718459E-4
0.994285204582564         1.5746773503173635E-4
0.9944015202375527        1.5538119634237016E-4
0.9945156703406182        1.5332227329152256E-4
0.994627695209765         1.5129055559286102E-4
0.9947376344123615        1.492856386322201E-4
0.9948455267791163        1.47307123379726E-4
0.9949514104177906        1.4535461630341574E-4
0.9950553227266608        1.434277292830946E-4
0.9951573004077254        1.4152607952579E-4
0.99525737947967          1.3964928948181004E-4
0.9953555952905878        1.377969867616002E-4
0.9954519825304655        1.3596880405436094E-4
0.9955465752434348        1.341643790460358E-4
0.9956394068397987        1.323833543396644E-4
0.9957305101078298        1.3062537737552633E-4
0.9958199172253527        1.2889010035289266E-4
0.995907659771109         1.2717718015165875E-4
0.9959937687359104        1.2548627825549705E-4
0.9960782745335857        1.2381706067564127E-4
0.9961612070117217        1.2216919787480415E-4
0.996242595462207         1.2054236469244756E-4
0.9963224686315763        1.1893624027013262E-4
0.996400854731165         1.1735050797824544E-4
0.9964777814470724        1.1578485534249363E-4
0.9965532759499421        1.1423897397094548E-4
0.996627364904557         1.1271255948307383E-4
0.9967000744792577        1.112053114368318E-4
0.9967714303551862        1.097169332584593E-4
0.9968414577353557        1.0824713217097188E-4
0.9969101813535526        1.0679561912480069E-4
0.9969776254830718        1.0536210872700946E-4
0.9970438139452915        1.0394631917153342E-4
0.9971087701180856        1.0254797217038329E-4
0.9971725169440817        1.0116679288370181E-4
0.9972350769387638        9.980250985124035E-5
0.9972964721984251        9.845485492295092E-5
0.9973567244079731        9.712356319024564E-5
0.9974158548485872        9.580837291729999E-5
0.9974738844052368        9.450902547165236E-5
0.9975308335740569        9.322526525575907E-5
0.997586722469588         9.195683963671589E-5
0.9976415708318804        9.070349887803583E-5
0.997695398033466         8.946499606887203E-5
0.9977482230862014        8.824108705436803E-5
0.9978000646479819        8.703153036464286E-5
0.9978509410293331        8.583608714345113E-5
0.9979008701998769        8.46545210766651E-5
0.9979498697946785        8.348659831936506E-5
0.9979979571204759        8.233208742189654E-5
0.9980451491617917        8.119075925629637E-5
0.9980914625869326        8.006238693969173E-5
0.9981369137538774        7.894674575800837E-5
0.9981815187160527        7.784361308708882E-5
0.9982252932280049        7.675276831386964E-5
0.9982682527509638        7.567399275356813E-5
0.998310412458304         7.460706956762499E-5
0.9983517872409036        7.355178367713423E-5
0.9983923917124041        7.250792167612396E-5
0.9984322402143718        7.147527174019816E-5
0.9984713468213635        7.045362353388246E-5
0.9985097253458969        6.944276811482545E-5
0.9985473893433306        6.844249783447665E-5
0.9985843521166509        6.745260623410409E-5
0.9986206267211696        6.647288793821019E-5
0.9986562259691373        6.550313854388272E-5
0.9986911624342671        6.454315450266386E-5
0.9987254484561762        6.359273299998892E-5
0.9987590961447439        6.265167182807284E-5
0.9987921173843897        6.171976925050694E-5
0.9988245238382695        6.079682386362887E-5
0.9988563269523963        5.9882634445488584E-5
0.998887537959683         5.8976999800646284E-5
0.9989181678839084        5.807971859321465E-5
0.9989482275436125        5.7190589168996304E-5
0.9989777275559166        5.630940936946219E-5
0.9990066783402737        5.543597632997406E-5
0.9990350901221489        5.4570086265349086E-5
0.9990629729366299        5.37115342400532E-5
0.9990903366319734        5.286011392187498E-5
0.9991171908730815        5.2015617315730024E-5
0.9991435451449161        5.117783447708908E-5
0.99916940875585          5.0346553202258506E-5
0.9991947908409531        4.9521558691984144E-5
0.9992197003652197        4.8702633185184733E-5
0.9992441461267351        4.788955556270369E-5
0.9992681367597822        4.708210091047493E-5
0.9992916807378925        4.6280040045258183E-5
0.9993147863768378        4.548313899009951E-5
0.999337461837568         4.469115840128022E-5
0.9993597151290933        4.390385293116278E-5
0.9993815541113126        4.3120970527280524E-5
0.9994029864977907        4.234225165114284E-5
0.999424019858482         4.1567428411196835E-5
0.9994446616224042        4.0796223591456866E-5
0.9994649190802621        4.002834956955691E-5
0.9994847993870236        3.9263507093509876E-5
0.9995043095644456        3.850138390748635E-5
0.9995234565035552        3.77416531966037E-5
0.9995422469670825        3.6983971817011305E-5
0.9995606875918506        3.622797828455019E-5
0.9995787848911184        3.5473290465572944E-5
0.9995965452568818        3.471950292677762E-5
0.9996139749621316        3.396618387249522E-5
0.9996310801630682        3.321287159288396E-5
0.9996478669012769        3.2459070317301734E-5
0.9996643411058613        3.170424535662577E-5
0.9996805085955377        3.094781737038868E-5
0.9996963750806901        3.0189155564196512E-5
0.999711946165387         2.9427569559759387E-5
0.9997272273493617        2.8662299615765437E-5
0.9997422240299532        2.7892504760933554E-5
0.9997569415040141        2.7117248287009054E-5
0.9997713849697805        2.6335479831379333E-5
0.9997855595287078        2.5546013040840904E-5
0.9997994701872743        2.4747497400104352E-5
0.9998131218587473        2.3938382274040134E-5
0.9998265193649196        2.3116870363577936E-5
0.9998396674378126        2.2280856542238954E-5
0.9998525707213474        2.1427846064418297E-5
0.999865233772985         2.0554845549209978E-5
0.9998776610653359        1.965825477538609E-5
0.9998898569877407        1.8735313753332576E-5
0.9999018258478188        1.778129080332631E-5
0.9999135718729918        1.678870499806297E-5
0.9999250992119749        1.5747684001656754E-5
0.9999364119362435        1.4644712551898454E-5
0.9999475140414701        1.3460271105377093E-5
0.9999584094489368        1.2164161312079546E-5
0.9999691020069196        1.0704915839749349E-5
0.9999795954920477        8.980100660183406E-6
0.9999898936106368        6.687249966945491E-6
1                         2.280066035853501E-6
