% Model:              RWGS_demo_CeO2_CO2_2.mph
% Version:            COMSOL 5.6.0.341
% Date:               Jun 14 2022, 11:15
% Dimension:          1
% Nodes:              1210
% Expressions:        1
% Description:        Function
% d                       Height
1.5001500150015E-5        0.9999998964389956
3.000300030003E-5         0.9999994864078606
4.5004500450045E-5        0.9999986895156636
6.000600060006E-5         0.9999974526842272
7.500750075007501E-5      0.9999957343307696
9.000900090009E-5         0.9999934996327485
1.0501050105010501E-4     0.9999907183159422
1.2001200120012E-4        0.9999873634146501
1.35013501350135E-4       0.9999834104975759
1.5001500150015003E-4     0.999978837148028
1.6501650165016502E-4     0.9999736225960058
1.8001800180018E-4        0.9999677474471388
1.95019501950195E-4       0.9999611934765716
2.1002100210021002E-4     0.999953943468174
2.25022502250225E-4       0.9999459810864314
2.4002400240024E-4        0.9999372907725397
2.55025502550255E-4       0.9999278576588472
2.7002700270027E-4        0.9999176674974766
2.8502850285028506E-4     0.9999067066000891
3.0003000300030005E-4     0.9998949617865439
3.1503150315031505E-4     0.9998824203407446
3.3003300330033004E-4     0.9998690699723656
3.4503450345034503E-4     0.9998548987834356
3.6003600360036E-4        0.9998398952389762
3.75037503750375E-4       0.9998240481410487
3.9003900390039E-4        0.9998073466056954
4.05040504050405E-4       0.9997897800423448
4.2004200420042004E-4     0.9997713381353454
4.3504350435043503E-4     0.9997520108273289
4.5004500450045E-4        0.9997317883041718
4.65046504650465E-4       0.9997106609813491
4.8004800480048E-4        0.9996886194915143
4.950495049504951E-4      0.9996656546731552
5.1005100510051E-4        0.999641757560209
5.25052505250525E-4       0.9996169193725252
5.4005400540054E-4        0.999591131507087
5.55055505550555E-4       0.999564385529912
5.700570057005701E-4      0.9995366731685617
5.85058505850585E-4       0.9995079863052001
6.000600060006001E-4      0.9994783169701501
6.15061506150615E-4       0.999447657335896
6.300630063006301E-4      0.9994159997114974
6.450645064506451E-4      0.9993833365373738
6.600660066006601E-4      0.9993496603804255
6.750675067506751E-4      0.99931496392947
6.900690069006901E-4      0.9992792399909572
7.05070507050705E-4       0.9992424814849487
7.2007200720072E-4        0.9992046814413356
7.35073507350735E-4       0.9991658329962788
7.5007500750075E-4        0.9991259293888533
7.65076507650765E-4       0.9990849639578794
7.8007800780078E-4        0.9990429301389325
7.95079507950795E-4       0.9989998214615126
8.1008100810081E-4        0.9989556315463648
8.250825082508251E-4      0.9989103541029418
8.400840084008401E-4      0.9988639829269955
8.55085508550855E-4       0.9988165118982902
8.700870087008701E-4      0.998767934978433
8.850885088508851E-4      0.9987182462088059
9.000900090009E-4         0.9986674397086014
9.150915091509152E-4      0.9986155096729502
9.3009300930093E-4        0.9985624503711369
9.45094509450945E-4       0.9985082561448979
9.6009600960096E-4        0.9984529214067959
9.750975097509751E-4      0.9983964406386702
9.900990099009901E-4      0.9983388083901514
0.001005100510051005      0.9982800192772455
0.00102010201020102       0.9982200679809757
0.001035103510351035      0.9981589492460832
0.00105010501050105       0.9980966578797825
0.0010651065106510652     0.9980331887505688
0.00108010801080108       0.9979685367870736
0.001095109510951095      0.9979026969769671
0.00111011101110111       0.9978356643659038
0.0011251125112511251     0.9977674340565109
0.0011401140114011402     0.9976980012074163
0.001155115511551155      0.9976273610323118
0.00117011701170117       0.9975555087990561
0.0011851185118511851     0.997482439828809
0.0012001200120012002     0.9974081494951973
0.001215121512151215      0.9973326332235147
0.00123012301230123       0.9972558864899493
0.001245124512451245      0.9971779048208381
0.0012601260126012602     0.9970986837919501
0.001275127512751275      0.9970182190277944
0.0012901290129012902     0.9969365062009519
0.001305130513051305      0.996853541031432
0.0013201320132013201     0.99676931928605
0.001335133513351335      0.9966838367778259
0.0013501350135013501     0.9965970893654056
0.0013651365136513652     0.9965090729524984
0.0013801380138013801     0.9964197834873374
0.001395139513951395      0.9963292169621526
0.00141014101410141       0.9962373694126667
0.0014251425142514252     0.9961442369176029
0.00144014401440144       0.9960498155982119
0.001455145514551455      0.9959541016178113
0.00147014701470147       0.9958570911813425
0.0014851485148514852     0.9957587805349377
0.0015001500150015        0.9956591659655052
0.001515151515151515      0.995558243800323
0.00153015301530153       0.9954560104066489
0.0015451545154515451     0.9953524621913389
0.00156015601560156       0.9952475956004804
0.0015751575157515751     0.9951414071190328
0.00159015901590159       0.9950338932704835
0.0016051605160516053     0.9949250506165097
0.00162016201620162       0.9948148757566528
0.0016351635163516349     0.9947033653280012
0.001665166516651665      0.9944763244985644
0.001695169516951695      0.9942439019643721
0.0017251725172517253     0.9940060721435504
0.0017551755175517552     0.9937628100275231
0.001785178517851785      0.9935140911728324
0.001815181518151815      0.9932598916934006
0.0018451845184518452     0.9930001882532037
0.0018751875187518752     0.9927349580593302
0.0019051905190519052     0.9924641788553992
0.001935193519351935      0.9921878289153138
0.001965196519651965      0.991905887037329
0.001995199519951995      0.9916183325384141
0.0020252025202520253     0.9913251452488895
0.002055205520552055      0.9910263055073211
0.002085208520852085      0.9907217941556569
0.002115211521152115      0.9904115925345893
0.0021452145214521452     0.9900956824791307
0.002175217521752175      0.9897740463143859
0.002205220522052205      0.9894466668515128
0.002235223522352235      0.9891135273838586
0.002265226522652265      0.988774611683258
0.002295229522952295      0.988429903996488
0.002325232523252325      0.9880793890418649
0.0023552355235523553     0.9877230520059791
0.002385238523852385      0.9873608785405543
0.0024152415241524153     0.9869928547594291
0.002445244524452445      0.9866189672356463
0.0024752475247524753     0.9862392029986514
0.0025052505250525055     0.9858535495315849
0.0025352535253525352     0.9854619947686699
0.002565256525652565      0.9850645270926822
0.002595259525952595      0.984661135332503
0.0026252625262526254     0.9842518087607464
0.002655265526552655      0.9838365370914546
0.002685268526852685      0.9834153104778609
0.002715271527152715      0.9829881195102129
0.0027452745274527453     0.9825549552136502
0.002775277527752775      0.9821158090461364
0.0028052805280528053     0.9816706728964391
0.002835283528352835      0.9812195390821553
0.0028652865286528653     0.9807624003477772
0.002895289528952895      0.9802992498627969
0.0029252925292529252     0.9798300812198455
0.002955295529552955      0.979354888432866
0.002985298529852985      0.978873665935314
0.003015301530153015      0.9783864085783842
0.003045304530453045      0.9778931116292641
0.0030753075307530754     0.9773937707694049
0.003105310531053105      0.9768883820928164
0.003135313531353135      0.9763769421043752
0.003165316531653165      0.9758594477181505
0.0031953195319531953     0.9753358962557409
0.0032253225322532255     0.9748062854446244
0.003255325532553255      0.9742706134165152
0.0033003300330033004     0.9734557374959959
0.003345334533453345      0.972627217376655
0.00339033903390339       0.9717850518193221
0.0034353435343534356     0.9709292415901322
0.0034803480348034803     0.970059789448224
0.0035253525352535254     0.9691767001334178
0.00357035703570357       0.9682799803538511
0.003615361536153615      0.9673696387735568
0.0036603660366036606     0.966445685999961
0.0037053705370537053     0.965508134571292
0.0037503750375037503     0.9645569989438788
0.003795379537953795      0.9635922954793265
0.00384038403840384       0.9626140424315606
0.0038853885388538856     0.9616222599337215
0.00393039303930393       0.9606169699849054
0.003975397539753975      0.9595981964367347
0.00402040204020402       0.9585659649797557
0.0040654065406540655     0.9575203031296499
0.00411041104110411       0.9564612402132563
0.004155415541554155      0.955388807354393
0.0042004200420042        0.9543030374594763
0.004245424542454245      0.9532039652029315
0.0042904290429042905     0.9520916270123869
0.004335433543354336      0.9509660610536527
0.00438043804380438       0.9498273072154764
0.004425442544254425      0.9486754070940754
0.00447044704470447       0.9475104039774416
0.0045154515451545155     0.9463323428294185
0.004560456045604561      0.9451412702735483
0.004605460546054605      0.9439372345766867
0.00465046504650465       0.9427202856323887
0.004695469546954695      0.9414904749440611
0.0047404740474047405     0.9402478556078849
0.004785478547854786      0.9389924822955075
0.004830483048304831      0.937724411236506
0.004875487548754875      0.9364437002006214
0.004935493549354936      0.934716525996674
0.004995499549954995      0.9329671309982713
0.005055505550555056      0.9311956645751535
0.005115511551155115      0.929402280693334
0.0051755175517551755     0.9275871378348441
0.005235523552355236      0.9257503989163095
0.0052955295529552955     0.9238922312063865
0.005355535553555355      0.9220128062420884
0.005415541554155415      0.9201122997440381
0.005475547554755476      0.918190891530681
0.005535553555355535      0.9162487654314986
0.005595559555955595      0.9142861091992598
0.005655565556555655      0.912303114421353
0.005715571557155716      0.9102999764302426
0.005775577557755775      0.9082768942130922
0.005835583558355835      0.9062340703206027
0.005895589558955895      0.9041717107751108
0.0059555955595559555     0.9020900249779981
0.006015601560156015      0.8999892256164558
0.0060756075607560755     0.8978695285696602
0.006135613561356135      0.8957311528144062
0.006195619561956195      0.893574320330251
0.006255625562556255      0.891399256004222
0.006315631563156315      0.8892061875351389
0.006375637563756376      0.8869953453376042
0.006435643564356435      0.8847669624457158
0.006495649564956496      0.8825212744165546
0.006570657065706571      0.8796901918068036
0.006645664566456646      0.8768329118429209
0.006720672067206721      0.8739499098197465
0.006795679567956796      0.8710416661281623
0.006870687068706871      0.8681086659597625
0.006945694569456946      0.8651513990120471
0.007020702070207021      0.8621703591943768
0.007095709570957096      0.8591660443349481
0.007170717071707171      0.8561389558890221
0.007245724572457246      0.8530895986486513
0.007320732073207321      0.8500184804541435
0.007395739573957396      0.8469261119074878
0.007470747074707471      0.8438130060879719
0.007545754575457546      0.8406796782702151
0.007620762076207621      0.8375266456448249
0.007695769576957696      0.8343544270418931
0.007770777077707771      0.8311635426575329
0.007845784578457846      0.8279545137836496
0.007920792079207921      0.8247278625411417
0.007995799579957996      0.8214841116167101
0.008070807080708071      0.8182237840034507
0.008145814581458147      0.8149474027454036
0.008235823582358236      0.8109952905597253
0.008325832583258325      0.8070217165738182
0.008415841584158415      0.8030275818348864
0.008505850585058506      0.7990137852712734
0.008595859585958597      0.7949812231175762
0.008685868586858686      0.7909307883542996
0.008775877587758775      0.7868633701624359
0.008865886588658865      0.7827798533933172
0.008955895589558956      0.7786811180540658
0.009045904590459047      0.7745680388089169
0.009135913591359136      0.7704414844966693
0.009225922592259225      0.7663023176644725
0.009315931593159315      0.7621513941181407
0.009405940594059406      0.7579895624891333
0.009495949594959497      0.7538176638183286
0.009585958595859586      0.7496365311566702
0.009675967596759675      0.7454469891827437
0.009765976597659765      0.7412498538373111
0.009870987098709871      0.7363446746643494
0.009975997599759976      0.7314315229097448
0.010081008100810081      0.7265116454582553
0.010186018601860185      0.7215862704364772
0.01029102910291029       0.7166566066198229
0.010396039603960397      0.7117238428810253
0.010501050105010502      0.7067891476796656
0.010606060606060605      0.7018536685921672
0.01071107110711071       0.6969185318816228
0.010816081608160815      0.6919848421067659
0.010921092109210922      0.6870536817693315
0.011026102610261027      0.6821261109990115
0.01113111311131113       0.6772031672751452
0.011236123612361235      0.6722858651842566
0.01134113411341134       0.6673751962125026
0.011446144614461447      0.6624721285720591
0.011566156615661564      0.6568791413580325
0.011686168616861685      0.6512986883297699
0.011806180618061806      0.6457321018911959
0.011926192619261927      0.640180674089498
0.012046204620462046      0.634645656596663
0.012166216621662165      0.6291282607514924
0.012286228622862286      0.623629657659281
0.012406240624062407      0.6181509783463338
0.012526252625262526      0.6126933139664967
0.012646264626462645      0.6072577160568857
0.012766276627662766      0.6018451968400247
0.012886288628862886      0.5964567295696213
0.013006300630063005      0.5910932489172498
0.013141314131413142      0.5850903147955422
0.013276327632763277      0.5791213574573971
0.013411341134113412      0.5731875369150978
0.013546354635463545      0.5672899546465601
0.01368136813681368       0.561429654604518
0.013816381638163818      0.555607624275812
0.01395139513951395       0.5498247957855338
0.014086408640864086      0.5440820470409832
0.01422142214221422       0.5383802029105841
0.014356435643564355      0.5327200364331114
0.014491449144914492      0.5271022700527853
0.014626462646264627      0.5215275768759976
0.014776477647764777      0.5153847499388132
0.014926492649264926      0.5092966600987984
0.015076507650765077      0.5032640280362937
0.015226522652265227      0.49728750754963413
0.015376537653765376      0.49136768777187784
0.015526552655265527      0.4855050953868408
0.015676567656765675      0.479700196838729
0.015826582658265826      0.4739534005301077
0.015976597659765977      0.4682650590033666
0.016126612661266127      0.4626354711012555
0.016276627662766278      0.457064884102462
0.01642664266426643       0.4515534958285851
0.016576657665766575      0.4461014567192192
0.016726672667266726      0.44070887187221525
0.016876687668766877      0.4353758030465143
0.017026702670267027      0.43010227062526
0.017176717671767178      0.42488825553719894
0.017326732673267328      0.4197337011346509
0.017476747674767475      0.4146385150265952
0.017626762676267626      0.4096025708656699
0.017776777677767776      0.4046257100881032
0.017926792679267927      0.3997077436058155
0.018076807680768078      0.3948484534501286
0.018226822682268228      0.3900475943666999
0.018376837683768375      0.3853048953614757
0.018526852685268526      0.38062006119760305
0.018676867686768676      0.3759927738433973
0.018826882688268827      0.3714226938715768
0.018976897689768978      0.3669094618101102
0.019126912691269128      0.36245269944511727
0.019276927692769275      0.3580520110763673
0.019426942694269426      0.35370698472600454
0.019576957695769576      0.3494171933012051
0.019726972697269727      0.34518219571153963
0.019876987698769878      0.34100153794187693
0.020027002700270028      0.3368747540817098
0.02017701770177018       0.3328013673118373
0.020327032703270326      0.3287808908493668
0.020477047704770476      0.32481282885203666
0.020627062706270627      0.320896677282884
0.020777077707770777      0.3170319247362977
0.020927092709270928      0.3132180532265201
0.02107710771077108       0.309454538939665
0.021227122712271226      0.305740852950326
0.021377137713771376      0.3020764619038565
0.021527152715271527      0.29846082866539675
0.021677167716771677      0.2948934129367209
0.021827182718271828      0.2913736718419714
0.02197719771977198       0.28790106048333586
0.022127212721272126      0.28447503246771305
0.022277227722772276      0.28109504040539784
0.022427242724272427      0.27776053638180204
0.022577257725772577      0.274470972403208
0.022727272727272728      0.2712258008175368
0.02287728772877288       0.26802447471109075
0.023027302730273026      0.2648664482822112
0.023177317731773176      0.261751177192767
0.023327332733273327      0.2586781188983762
0.023477347734773477      0.2556467329582276
0.023627362736273628      0.2526564813253588
0.02377737773777378       0.24970682861821528
0.02392739273927393       0.24679724237429487
0.024077407740774076      0.2439271932866586
0.024227422742274227      0.24109615542406318
0.024377437743774377      0.2383036064354506
0.024527452745274528      0.23554902773950004
0.02467746774677468       0.23283190469993284
0.02482748274827483       0.23015172678723098
0.024977497749774976      0.2275079877274087
0.025127512751275127      0.2249001856384574
0.025277527752775277      0.22232782315505759
0.025427542754275428      0.21979040754213205
0.02557755775577558       0.21728745079779432
0.02572757275727573       0.21481846974622157
0.025877587758775876      0.2123829861209663
0.026027602760276027      0.20998052663919636
0.026177617761776177      0.20761062306733677
0.026327632763276328      0.2052728122785652
0.026477647764776478      0.20296663630259748
0.02662766276627663       0.20069164236817955
0.02677767776777678       0.19844738293868538
0.026927692769276926      0.19623341574120406
0.027077707770777077      0.1940493037894825
0.027227722772277228      0.1918946154010756
0.027377737773777378      0.1897689242090371
0.02752775277527753       0.18767180916847478
0.02767776777677768       0.18560285455827452
0.027827782778277826      0.1835616499782869
0.027977797779777977      0.1815477903422561
0.028127812781278128      0.179560875866757
0.028277827782778278      0.1776005120563957
0.02842784278427843       0.17566630968551566
0.02857785778577858       0.1737578847766404
0.028727872787278726      0.17187485857587342
0.028877887788778877      0.17001685752546417
0.029027902790279028      0.16818351323374064
0.029177917791779178      0.16637446244259635
0.02932793279327933       0.16458934699271469
0.02947794779477948       0.1628278137866986
0.029627962796279626      0.161089514750272
0.029777977797779777      0.1593741067917043
0.029927992799279927      0.15768125175960682
0.030078007800780078      0.15601061639923836
0.03022802280228023       0.154361872307453
0.03037803780378038       0.1527346958864144
0.03052805280528053       0.15112876829619482
0.030678067806780677      0.1495437754063706
0.030828082808280827      0.14797940774671992
0.030978097809780978      0.14643536045712352
0.03112811281128113       0.14491133323676147
0.031278127812781276      0.14340703029269633
0.031428142814281426      0.14192216028792634
0.03157815781578158       0.14045643628898832
0.03172817281728173       0.13900957571318398
0.03187818781878188       0.1375813002755023
0.03202820282028203       0.13617133593530073
0.03217821782178218       0.1347794128428109
0.03232823282328233       0.13340526528552527
0.03247824782478248       0.1320486316345197
0.03262826282628263       0.13070925429076444
0.03277827782778278       0.12938687963147044
0.032928292829282925      0.12808125795651681
0.033078307830783076      0.12679214343500128
0.033228322832283226      0.1255192940519533
0.03337833783378338       0.1242624715552456
0.03352835283528353       0.12302144140273943
0.03367836783678368       0.12179597270969479
0.03382838283828383       0.12058583819647424
0.03397839783978398       0.11939081413656916
0.03412841284128413       0.11821068030497249
0.03427842784278428       0.11704521992692196
0.03442844284428443       0.11589421962703467
0.03457845784578458       0.11475746937885314
0.03472847284728473       0.11363476245482104
0.034878487848784875      0.11252589537670499
0.035028502850285026      0.11143066786647665
0.03517851785178518       0.11034888279767067
0.03532853285328533       0.10928034614722879
0.03547854785478548       0.10822486694784235
0.03562856285628563       0.10718225724080295
0.03577857785778578       0.10615233202936974
0.03592859285928593       0.10513490923266125
0.03607860786078608       0.10412980964007919
0.03622862286228623       0.10313685686626857
0.03637863786378638       0.1021558773066206
0.03652865286528653       0.10118670009332197
0.036678667866786675      0.10022915705195358
0.036828682868286826      0.09928308265864183
0.036978697869786976      0.09834831399776414
0.03712871287128713       0.09742469072021057
0.03727872787278728       0.09651205500220113
0.03742874287428743       0.09561025150466078
0.03757875787578758       0.09471912733314965
0.03772877287728773       0.09383853199834927
0.03787878787878788       0.09296831737710312
0.03802880288028803       0.09210833767400943
0.03817881788178818       0.09125844938356406
0.03832883288328833       0.09041851125285186
0.03847884788478848       0.08958838424478247
0.038628862886288626      0.08876793150186872
0.038778877887788776      0.08795701831054302
0.03892889288928893       0.08715551206600848
0.03907890789078908       0.08636328223762169
0.03922892289228923       0.0855802003348012
0.03937893789378938       0.08480613987345907
0.03952895289528953       0.0840409763429496
0.03967896789678968       0.08328458717353163
0.03982898289828983       0.08253685170433825
0.03997899789978998       0.08179765115185018
0.04012901290129013       0.08106686857886652
0.04027902790279028       0.08034438886396818
0.040429042904290426      0.07963009867146859
0.040579057905790576      0.0789238864218459
0.04072907290729073       0.07822564226265122
0.04087908790879088       0.07753525803988731
0.04102910291029103       0.07685262726985202
0.04117911791179118       0.07617764511144075
0.04132913291329133       0.07551020833890176
0.04147914791479148       0.07485021531503919
0.04162916291629163       0.07419756596485719
0.04177917791779178       0.07355216174964004
0.04192919291929193       0.0729139056414614
0.04207920792079208       0.0722827020981179
0.04222922292229223       0.07165845703848044
0.042379237923792376      0.07104107781825734
0.04252925292529253       0.07043047320616382
0.04267926792679268       0.0698265533604919
0.04282928292829283       0.06922922980607416
0.04297929792979298       0.06863841541163695
0.04312931293129313       0.0680540243675358
0.04327932793279328       0.06747597216386807
0.04342934293429343       0.06690417556895704
0.04357935793579358       0.06633855260820175
0.04372937293729373       0.06577902254328673
0.04387938793879388       0.06522550585174604
0.04402940294029403       0.06467792420687667
0.044179417941794176      0.06413620045799484
0.04432943294329433       0.0636002586110305
0.04447944794479448       0.06307002380945435
0.04462946294629463       0.06254542231553195
0.04477947794779478       0.0620263814918998
0.04492949294929493       0.0615128297834582
0.04507950795079508       0.061004696699575436
0.04522952295229523       0.06050191279659836
0.04537953795379538       0.06000440966066438
0.04552955295529553       0.05951211989080981
0.04567956795679568       0.05902497708236954
0.04582958295829583       0.05854291581066307
0.04597959795979598       0.05806587161496261
0.046129612961296126      0.057593780982737895
0.04627962796279628       0.05712658133417319
0.04642964296429643       0.05666421100695227
0.04657965796579658       0.05620660924130625
0.04672967296729673       0.05575371616531999
0.04687968796879688       0.055305472780492894
0.04702970297029703       0.05486182094754926
0.04717971797179718       0.0544227033724943
0.04732973297329733       0.05398806359291132
0.04747974797479748       0.05355784596449608
0.04762976297629763       0.053131995647823914
0.04777977797779778       0.05271045859534601
0.04792979297929793       0.05229318153861047
0.04807980798079808       0.05188011197570439
0.04822982298229823       0.05147119815891292
0.04837983798379838       0.05106638908259191
0.04852985298529853       0.05066563447124988
0.04867986798679868       0.050268884767836065
0.04882988298829883       0.04987609112223043
0.04897989798979898       0.04948720537993268
0.04912991299129913       0.049102180070946196
0.04927992799279928       0.048720968398853856
0.04942994299429943       0.04834352423008205
0.04957995799579958       0.04796980208334973
0.04972997299729973       0.047599757119299105
0.04987998799879988       0.04723334513030497
0.05003000300030003       0.046870522530459
0.05018001800180018       0.04651124634572656
0.05033003300330033       0.046155474204272386
0.05048004800480048       0.045803164326952375
0.05063006300630063       0.0454542755179687
0.05078007800780078       0.04510876715568482
0.05093009300930093       0.04476659918359797
0.05108010801080108       0.044427732101466416
0.05123012301230123       0.04409212695658801
0.05138013801380138       0.04375974533522821
0.05153015301530153       0.043430549354194256
0.051680168016801684      0.04310450165255324
0.05183018301830183       0.042781565383491316
0.05198019801980198       0.04246170420631144
0.05213021302130213       0.042144882278567615
0.05228022802280228       0.04183106424833252
0.05243024302430243       0.04152021524659674
0.05258025802580258       0.04121230087979679
0.05273027302730273       0.04090728722246998
0.05288028802880288       0.040605140810033524
0.05303030303030303       0.04030582863168607
0.05318031803180318       0.040009318123428894
0.05333033303330333       0.03971557716120521
0.053480348034803483      0.03942457405415505
0.05363036303630363       0.039136277537983925
0.05378037803780378       0.03885065676844293
0.05393039303930393       0.03856768131491866
0.05408040804080408       0.038287321154130693
0.05423042304230423       0.03800954666393479
0.05438043804380438       0.03773432861723005
0.05453045304530453       0.037461638175967864
0.05468046804680468       0.03719144688526125
0.05483048304830483       0.03692372666759247
0.05498049804980498       0.03665844981711718
0.05513051305130513       0.03639558899406365
0.05528052805280528       0.03613511721922508
0.055430543054305434      0.03587700786854345
0.05558055805580558       0.035621234667783455
0.05573057305730573       0.03536777168729444
0.05588058805880588       0.035116593336859375
0.05603060306030603       0.03486767436062889
0.05618061806180618       0.034620989832139
0.05633063306330633       0.0343765151494111
0.05648064806480648       0.03413422603013259
0.05663066306630663       0.03389409850691683
0.05678067806780678       0.033656108922641204
0.05693069306930693       0.03342023392586138
0.05708070807080708       0.03318645046630094
0.057230723072307234      0.03295473579041486
0.05738073807380738       0.03272506743702544
0.05753075307530753       0.03249742323302951
0.05768076807680768       0.03227178128917573
0.05783078307830783       0.032048119995910486
0.05798079807980798       0.031826418019291466
0.05813081308130813       0.03160665429696769
0.05828082808280828       0.03138880803422437
0.05843084308430843       0.031172858700092308
0.05858085808580858       0.030958786023519896
0.05873087308730873       0.03074656998960702
0.05888088808880888       0.030536190835899778
0.059030903090309034      0.030327629048744816
0.059180918091809184      0.030120865359702285
0.05933093309330933       0.029915880742016565
0.05948094809480948       0.029712656407143278
0.05963096309630963       0.029511173801332318
0.05978097809780978       0.02931141460226525
0.05993099309930993       0.02911336071574656
0.06008100810081008       0.028916994272447594
0.06023102310231023       0.028722297624702374
0.06038103810381038       0.028529253343354398
0.06053105310531053       0.028337844214653584
0.06068106810681068       0.028148053237202167
0.060831083108310834      0.027959863618949247
0.060981098109810984      0.027773258774232742
0.06113111311131113       0.027588222320867974
0.06128112811281128       0.027404738077282262
0.06143114311431143       0.027222790059694597
0.06158115811581158       0.02704236247933959
0.06173117311731173       0.026863439739735078
0.06188118811881188       0.026686006433992535
0.06203120312031203       0.02651004734216953
0.06218121812181218       0.02633554742866356
0.06233123312331233       0.026162491839646692
0.06248124812481248       0.025990865900539943
0.06263126312631263       0.025820655113527116
0.06278127812781278       0.025651845155107232
0.06293129312931293       0.02548442187368488
0.06308130813081309       0.02531837128719797
0.06323132313231324       0.025153679580782046
0.06338133813381339       0.024990333104470755
0.06353135313531354       0.024828318370931846
0.06368136813681369       0.024667622053237803
0.06383138313831384       0.024508230982670978
0.06398139813981397       0.02435013214656227
0.06413141314131413       0.024193312686162954
0.06428142814281428       0.024037759894549145
0.06443144314431443       0.02388346121455823
0.06458145814581458       0.023730404236756725
0.06473147314731473       0.02357857669743919
0.06488148814881488       0.023427966476657548
0.06503150315031503       0.023278561596280264
0.06518151815181518       0.023130350218081075
0.06533153315331533       0.022983320641856545
0.06548154815481548       0.02283746130357213
0.06563156315631563       0.022692760773536273
0.06578157815781578       0.022549207754601886
0.06593159315931593       0.022406791080395044
0.06608160816081608       0.022265499713570176
0.06623162316231623       0.022125322744091517
0.06638163816381638       0.021986249387540256
0.06653165316531653       0.021848268983446995
0.06668166816681668       0.02171137099364914
0.06683168316831684       0.021575545000672786
0.06698169816981699       0.021440780706138647
0.06713171317131714       0.021307067929191716
0.06728172817281729       0.02117439660495423
0.06743174317431744       0.021042756783001566
0.06758175817581759       0.020912138625860645
0.06773177317731773       0.020782532407530575
0.06788178817881788       0.02065392851202503
0.06803180318031803       0.020526317431936232
0.06818181818181818       0.020399689767019974
0.06833183318331833       0.020274036222801294
0.06848184818481848       0.020149347609200802
0.06863186318631863       0.020025614839181072
0.06878187818781878       0.01990282892741261
0.06893189318931893       0.01978098098895956
0.06908190819081908       0.0196600622379844
0.06923192319231923       0.019540063986471463
0.06938193819381938       0.01942097764296915
0.06953195319531953       0.019302794711350227
0.06968196819681968       0.019185506789590075
0.06983198319831983       0.019069105568562766
0.06998199819981998       0.018953582830854313
0.07013201320132013       0.018838930449593127
0.07028202820282028       0.01872514038729732
0.07043204320432044       0.018612204694738513
0.07058205820582059       0.01850011550982199
0.07073207320732074       0.018388865056482823
0.07088208820882089       0.018278445643597856
0.07103210321032104       0.01816884966391321
0.07118211821182119       0.018060069592987022
0.07133213321332134       0.017952097988147318
0.07148214821482148       0.017844927487464614
0.07163216321632163       0.017738550808739133
0.07178217821782178       0.017632960748502395
0.07193219321932193       0.017528150181032928
0.07208220822082208       0.017424112057385803
0.07223222322232223       0.017320839404435937
0.07238223822382238       0.01721832532393486
0.07253225322532253       0.01711656299158072
0.07268226822682268       0.017015545656101295
0.07283228322832283       0.016915266638350003
0.07298229822982298       0.016815719330414376
0.07313231323132313       0.016716897194737162
0.07328232823282328       0.016618793763249536
0.07343234323432343       0.01652140263651652
0.07358235823582358       0.0164247174828942
0.07373237323732373       0.016328732037698645
0.07388238823882388       0.01623344010238642
0.07403240324032404       0.01613883554374639
0.07418241824182419       0.016044912293102665
0.07433243324332434       0.015951664345528666
0.07448244824482449       0.01585908575907183
0.07463246324632464       0.015767170653989176
0.07478247824782479       0.015675913211993277
0.07493249324932494       0.015585307675508529
0.07508250825082509       0.015495348346937717
0.07523252325232523       0.01540602958793855
0.07538253825382538       0.015317345818710018
0.07553255325532553       0.01522929151728862
0.07568256825682568       0.015141861218854049
0.07583258325832583       0.015055049515044338
0.07598259825982598       0.01496885105328031
0.07613261326132613       0.014883260536099244
0.07628262826282628       0.014798272720497422
0.07643264326432643       0.014713882417281665
0.07658265826582658       0.014630084490429577
0.07673267326732673       0.014546873856458397
0.07688268826882688       0.014464245483802369
0.07703270327032703       0.014382194392198426
0.07718271827182718       0.014300715652080126
0.07733273327332733       0.014219804383979746
0.07748274827482748       0.014139455757938265
0.07763276327632763       0.014059664992923339
0.07778277827782779       0.013980427356254923
0.07793279327932794       0.013901738163038614
0.07808280828082809       0.013823592775606495
0.07823282328232824       0.013745986602965353
0.07838283828382839       0.013668915100252267
0.07853285328532854       0.013592373768197379
0.07868286828682869       0.013516358152593727
0.07883288328832884       0.013440863843774064
0.07898289828982898       0.013365886476094649
0.07913291329132913       0.013291421727425697
0.07928292829282928       0.013217465318648617
0.07943294329432943       0.013144013013159801
0.07958295829582958       0.013071060616380869
0.07973297329732973       0.012998603975275358
0.07988298829882988       0.012926638977871757
0.08003300330033003       0.012855161552792609
0.08018301830183018       0.012784167668789896
0.08033303330333033       0.01271365333428636
0.08048304830483048       0.012643614596922821
0.08063306330633063       0.012574047543111323
0.08078307830783078       0.012504948297594048
0.08093309330933093       0.012436313023008003
0.08108310831083108       0.012368137919455196
0.08123312331233123       0.012300419224078438
0.08138313831383139       0.012233153210642557
0.08153315331533154       0.012166336189121003
0.08168316831683169       0.012099964505287698
0.08183318331833184       0.01203403454031422
0.08198319831983199       0.011968542710372
0.08213321332133214       0.01190348546623965
0.08228322832283229       0.01183885929291536
0.08243324332433244       0.01177466070923407
0.08258325832583259       0.01171088626748966
0.08273327332733273       0.011647532553061836
0.08288328832883288       0.011584596184047755
0.08303330333033303       0.011522073810898334
0.08318331833183318       0.011459962116059135
0.08333333333333333       0.011398257813615769
0.08348334833483348       0.011336957648943744
0.08363336333633363       0.01127605839836279
0.08378337833783378       0.011215556868795416
0.08393339333933393       0.011155449897429835
0.08408340834083408       0.011095734351387037
0.08423342334233423       0.01103640712739209
0.08438343834383438       0.010977465151449489
0.08453345334533453       0.01091890537852255
0.08468346834683468       0.010860724792216819
0.08483348334833483       0.010802920404467427
0.08498349834983498       0.01074548925523024
0.08513351335133514       0.010688428412176952
0.08528352835283529       0.010631734970393844
0.08543354335433544       0.010575406052084313
0.08558355835583559       0.010519438806275075
0.08573357335733574       0.010463830408525976
0.08588358835883589       0.010408578060643317
0.08603360336033604       0.010353678990396823
0.08618361836183619       0.010299130451239945
0.08633363336333634       0.010244929722033664
0.08648364836483648       0.010191074106773664
0.08663366336633663       0.010137560934320809
0.08678367836783678       0.01008438755813492
0.08693369336933693       0.010031551356011824
0.08708370837083708       0.009979049729823502
0.08723372337233723       0.009926880105261517
0.08738373837383738       0.009875039931583451
0.08753375337533753       0.009823526681362466
0.08768376837683768       0.009772337850239853
0.08783378337833783       0.009721470956680606
0.08798379837983798       0.009670923541731899
0.08813381338133813       0.009620693168784517
0.08828382838283828       0.009570777423337107
0.08843384338433843       0.009521173912763263
0.08858385838583858       0.009471880266081457
0.08873387338733874       0.009422894133727634
0.08888388838883889       0.009374213187330602
0.08903390339033904       0.009325835119490028
0.08918391839183919       0.009277757643557167
0.08933393339333934       0.009229978493418124
0.08948394839483949       0.009182495423279709
0.08963396339633964       0.00913530620745784
0.08978397839783979       0.00908840864016848
0.08993399339933994       0.009041800535320988
0.09008400840084009       0.008995479726313935
0.09023402340234023       0.008949444065833362
0.09038403840384038       0.008903691425653358
0.09053405340534053       0.008858219696439022
0.09068406840684068       0.008813026787551732
0.09083408340834083       0.008768110626856684
0.09098409840984098       0.008723469160532682
0.09113411341134113       0.008679100352884193
0.09128412841284128       0.00863500218615555
0.09143414341434143       0.008591172660347323
0.09158415841584158       0.008547609793034875
0.09173417341734173       0.008504311619188985
0.09188418841884188       0.008461276190998554
0.09203420342034203       0.008418501577695402
0.09218421842184218       0.008375985865381042
0.09233423342334234       0.008333727156855528
0.09248424842484249       0.008291723571448181
0.09263426342634264       0.008249973244850385
0.09278427842784279       0.008208474328950197
0.09293429342934294       0.008167224991668933
0.09308430843084309       0.008126223416799621
0.09323432343234324       0.008085467803847252
0.09338433843384339       0.008044956367870929
0.09353435343534354       0.008004687339327802
0.09368436843684369       0.007964658963918748
0.09383438343834384       0.007924869502435861
0.09398439843984399       0.00788531723061164
0.09413441344134413       0.00784600043896994
0.09428442844284428       0.007806917432678541
0.09443444344434443       0.0077680665314034825
0.09458445844584458       0.007729446069164961
0.09473447344734473       0.007691054394194905
0.09488448844884488       0.007652889868796182
0.09503450345034503       0.007614950869203311
0.09518451845184518       0.007577235785444819
0.09533453345334533       0.007539743021207127
0.09548454845484548       0.00750247099369995
0.09563456345634563       0.007465418133523223
0.09578457845784578       0.007428582884535507
0.09593459345934593       0.007391963703723861
0.09608460846084609       0.007355559061075215
0.09623462346234624       0.007319367439449096
0.09638463846384639       0.007283387334451853
0.09653465346534654       0.007247617254312227
0.09668466846684669       0.007212055719758331
0.09683468346834684       0.007176701263896007
0.09698469846984699       0.007141552432088467
0.09713471347134714       0.007106607781837358
0.09728472847284729       0.007071865882665079
0.09743474347434744       0.0070373253159983955
0.09758475847584759       0.007002984675053379
0.09773477347734774       0.006968842564721586
0.09788478847884788       0.006934897601457477
0.09803480348034803       0.006901148413167092
0.09818481848184818       0.0068675936390979585
0.09833483348334833       0.006834231929730166
0.09848484848484848       0.006801061946668656
0.09863486348634863       0.006768082362536696
0.09878487848784878       0.0067352918608704964
0.09893489348934893       0.006702689136014988
0.09908490849084908       0.006670272893020718
0.09923492349234923       0.006638041847541896
0.09938493849384938       0.006605994725735514
0.09953495349534953       0.006574130264161577
0.09968496849684969       0.006542447209684402
0.09983498349834984       0.006510944319375003
0.09998499849984999       0.006479620360414503
0.10013501350135014       0.0064484741099986136
0.10028502850285029       0.006417504355243113
0.10043504350435044       0.006386709893090381
0.10058505850585059       0.006356089530216894
0.10073507350735074       0.0063256420829417345
0.10088508850885089       0.0062953663771360795
0.10103510351035104       0.006265261248133659
0.10118511851185119       0.006235325540642161
0.10133513351335134       0.006205558108655582
0.10148514851485149       0.006175957815367519
0.10163516351635163       0.006146523533085395
0.10178517851785178       0.006117254143145543
0.10193519351935193       0.006088148535829281
0.10208520852085208       0.0060592056102797736
0.10223522352235223       0.00603042427441986
0.10238523852385238       0.0060018034448707
0.10253525352535253       0.005973342046871298
0.10268526852685268       0.005945039014198865
0.10283528352835283       0.0059168932890900205
0.10298529852985298       0.005888903822162846
0.10313531353135313       0.0058610695723397286
0.10328532853285328       0.00583338950677101
0.10343534353435344       0.005805862600759467
0.10358535853585359       0.005778487837685557
0.10373537353735374       0.005751264208933452
0.10388538853885389       0.005724190713817832
0.10403540354035404       0.005697266359511479
0.10418541854185419       0.0056704901609735655
0.10433543354335434       0.005643861140878755
0.10448544854485449       0.005617378329546977
0.10463546354635464       0.005591040764873958
0.10478547854785479       0.005564847492262497
0.10493549354935494       0.005538797564554405
0.10508550855085509       0.005512890041963172
0.10523552355235524       0.005487123992007325
0.10538553855385538       0.005461498489444479
0.10553555355535553       0.005436012616206049
0.10568556855685568       0.005410665461332656
0.10583558355835583       0.0053854561209101745
0.10598559855985598       0.005360383698006448
0.10613561356135613       0.005335447302608652
0.10628562856285628       0.005310646051561292
0.10643564356435643       0.005285979068504838
0.10658565856585658       0.005261445483814981
0.10673567356735673       0.005237044434542519
0.10688568856885688       0.005212775064353841
0.10703570357035704       0.005188636523472018
0.10718571857185719       0.005164627968618507
0.10733573357335734       0.005140748562955419
0.10748574857485749       0.005116997476028407
0.10763576357635764       0.00509337388371009
0.10778577857785779       0.005069876968144081
0.10793579357935794       0.005046505917689562
0.10808580858085809       0.005023259926866434
0.10823582358235824       0.005000138196300995
0.10838583858385839       0.004977139932672174
0.10853585358535854       0.004954264348658329
0.10868586858685869       0.00493151066288453
0.10883588358835884       0.004908878099870417
0.10898589858985899       0.0048863658899785355
0.10913591359135913       0.004863973269363242
0.10928592859285928       0.004841699479920053
0.10943594359435943       0.004819543769235559
0.10958595859585958       0.0047975053905378
0.10973597359735973       0.0047755836026471465
0.10988598859885988       0.0047537776699276705
0.11003600360036003       0.004732086862238991
0.11018601860186018       0.004710510454888593
0.11033603360336033       0.0046890477285846405
0.11048604860486048       0.004667697969389228
0.11063606360636064       0.004646460468672112
0.11078607860786079       0.004625334523064883
0.11093609360936094       0.004604319434415602
0.11108610861086109       0.004583414509743882
0.11123612361236124       0.004562619061196395
0.11138613861386139       0.0045419324060028375
0.11153615361536154       0.004521353866432306
0.11168616861686169       0.004500882769750116
0.11183618361836184       0.004480518448175041
0.11198619861986199       0.004460260238836942
0.11213621362136214       0.004440107483734854
0.11228622862286229       0.004420059529695455
0.11243624362436244       0.004400115728331928
0.11258625862586259       0.00438027543600325
0.11273627362736274       0.004360538013773854
0.11288628862886288       0.004340902827373699
0.11303630363036303       0.0043213692471587
0.11318631863186318       0.004301936648071581
0.11333633363336333       0.004282604409603061
0.11348634863486348       0.00426337191575345
0.11363636363636363       0.00424423855499459
0.11378637863786378       0.004225203720232189
0.11393639363936393       0.004206266808768474
0.11408640864086408       0.004187427222265249
0.11423642364236423       0.004168684366707286
0.11438643864386439       0.004150037652366057
0.11453645364536454       0.0041314864937638295
0.11468646864686469       0.004113030309638092
0.11483648364836484       0.004094668522906344
0.11498649864986499       0.004076400560631171
0.11513651365136514       0.00405822585398571
0.11528652865286529       0.004040143838219407
0.11543654365436544       0.004022153952624104
0.11558655865586559       0.004004255640500467
0.11573657365736574       0.003986448349124699
0.11588658865886589       0.003968731529715607
0.11603660366036604       0.003951104637401938
0.11618661866186619       0.003933567131190067
0.11633663366336634       0.003916118473931948
0.1164866486648665        0.0038987581322933998
0.11663666366636663       0.0038814855767226727
0.11678667866786678       0.0038643002814193125
0.11693669366936693       0.0038472017243033237
0.11708670867086708       0.003830189386984608
0.11723672367236723       0.0038132627547327095
0.11738673867386738       0.0037964213164468166
0.11753675367536753       0.0037796645646260758
0.11768676867686768       0.0037629919953401504
0.11783678367836783       0.003746403108200068
0.11798679867986799       0.0037298974063293532
0.11813681368136814       0.003713474396335405
0.11828682868286829       0.0036971335882811478
0.11843684368436844       0.003680874495656952
0.11858685868586859       0.0036646966353528123
0.11873687368736874       0.003648599527630776
0.11888688868886889       0.003632582696097636
0.11903690369036904       0.003616645667677866
0.11918691869186919       0.0036007879725868195
0.11933693369336934       0.0035850091443041607
0.11948694869486949       0.0035693087195475437
0.11963696369636964       0.0035536862382465418
0.11978697869786979       0.0035381412435168125
0.11993699369936994       0.003522673281634488
0.1200870087008701        0.003507281902010819
0.12023702370237024       0.0034919666571670313
0.12038703870387038       0.0034767271027094345
0.12053705370537053       0.0034615627973047305
0.12068706870687068       0.003446473302655582
0.12083708370837083       0.0034314581834763587
0.12098709870987098       0.0034165170074691507
0.12113711371137113       0.003401649345299963
0.12128712871287128       0.0033868547705751557
0.12143714371437143       0.0033721328598180673
0.12158715871587158       0.003357483192445877
0.12173717371737174       0.003342905350746663
0.12188718871887189       0.003328398919856667
0.12203720372037204       0.0033139634877377717
0.12218721872187219       0.00329959864515517
0.12233723372337234       0.0032853039856552526
0.12248724872487249       0.00327107910554367
0.12263726372637264       0.003256923603863622
0.12278727872787279       0.0032428370823743067
0.12293729372937294       0.0032288191455296027
0.12308730873087309       0.0032148694004569046
0.12323732373237324       0.003200987456936173
0.12338733873387339       0.003187172927379158
0.12353735373537354       0.003173425426808819
0.12368736873687369       0.0031597445728389208
0.12383738373837384       0.003146129985653807
0.123987398739874         0.0031325812879883647
0.12413741374137413       0.003119098105108171
0.12428742874287428       0.0031056800647897807
0.12443744374437443       0.0030923267973012453
0.12458745874587458       0.0030790379353827506
0.12473747374737473       0.003065813114227463
0.12488748874887488       0.003052651971462525
0.12503750375037503       0.003039554147130224
0.1251875187518752        0.003026519283669329
0.12533753375337534       0.003013547025896597
0.1254875487548755        0.00300063702098842
0.12563756375637564       0.002987788918462666
0.1257875787578758        0.0029750023701606483
0.12593759375937594       0.002962277030229282
0.12608760876087607       0.002949612555103361
0.12623762376237624       0.002937008603488031
0.12638763876387638       0.0029244648363413893
0.12653765376537654       0.0029119809168572305
0.12668766876687668       0.0028995565104479814
0.12683768376837684       0.0028871912847277257
0.12698769876987698       0.002874884909495439
0.12713771377137714       0.0028626370567183183
0.12728772877287728       0.0028504474005152914
0.12743774377437744       0.0028383156171406443
0.12758775877587758       0.002826241384967813
0.12773777377737774       0.0028142243844732915
0.12788778877887788       0.00280226429822071
0.12803780378037805       0.0027903608108450074
0.12818781878187818       0.002778513609036795
0.12833783378337835       0.0027667223815267955
0.12848784878487848       0.002754986819070473
0.12863786378637865       0.002743306614432745
0.12878787878787878       0.0027316814623728706
0.12893789378937895       0.002720111059629424
0.12908790879087909       0.0027085951049054444
0.12923792379237925       0.002697133298853662
0.1293879387938794        0.0026857253440619026
0.12953795379537955       0.0026743709450385675
0.1296879687968797        0.002663069808198282
0.12983798379837982       0.0026518216418476284
0.12998799879988          0.002640626156171023
0.13013801380138013       0.002629483063216716
0.1302880288028803        0.0026183920768828883
0.13043804380438043       0.0026073529129038925
0.1305880588058806        0.0025963652888365864
0.13073807380738073       0.0025854289240468072
0.1308880888088809        0.002574543539695935
0.13103810381038103       0.0025637088587275926
0.1311881188118812        0.0025529246058544363
0.13133813381338133       0.002542190507545084
0.1314881488148815        0.002531506292011121
0.13163816381638163       0.002520871689194249
0.1317881788178818        0.002510286430753514
0.13193819381938193       0.0024997502500526685
0.1320882088208821        0.002489262882147607
0.13223822382238223       0.002478824063773948
0.1323882388238824        0.00246843353333468
0.13253825382538253       0.002458091030887938
0.1326882688268827        0.0024477962981348687
0.13283828382838284       0.002437549078407606
0.132988298829883         0.0024273491166573345
0.13313831383138314       0.0024171961594424713
0.1332883288328833        0.0024070899549169214
0.13343834383438344       0.002397030252818458
0.13358835883588357       0.002387016804457174
0.13373837383738374       0.0023770493627040474
0.13388838883888388       0.0023671276819795966
0.13403840384038404       0.0023572515182426236
0.13418841884188418       0.0023474206289790574
0.13433843384338434       0.0023376347731908875
0.13448844884488448       0.002327893711385189
0.13463846384638464       0.0023181972055632337
0.13478847884788478       0.0023085450192097024
0.13493849384938494       0.002298936917281967
0.13508850885088508       0.002289372666199492
0.13523852385238525       0.0022798520338332766
0.13538853885388538       0.0022703747894954355
0.13553855385538555       0.002260940703928822
0.13568856885688568       0.0022515495492967685
0.13583858385838585       0.0022422010991728796
0.13598859885988598       0.0022328951285309445
0.13613861386138615       0.002223631413734894
0.13628862886288629       0.0022144097325288744
0.13643864386438645       0.002205229864027373
0.1365886588658866        0.0021960915887054497
0.13673867386738675       0.0021869946883890192
0.1368886888688869        0.002177938946245246
0.13703870387038705       0.0021689241467729866
0.1371887188718872        0.0021599500757933285
0.13733873387338733       0.0021510165204401974
0.1374887488748875        0.002142123269151041
0.13763876387638763       0.0021332701116575973
0.1377887788778878        0.002124456838976716
0.13793879387938793       0.002115683243401286
0.1380888088808881        0.002106949118491198
0.13823882388238823       0.0020982542590644196
0.1383888388838884        0.002089598461188101
0.13853885388538853       0.0020809815221697957
0.1386888688868887        0.0020724032405487086
0.13883888388838883       0.002063863416087053
0.138988898889889         0.002055361849761443
0.13913891389138913       0.002046898343754385
0.1392889288928893        0.0020384727014458107
0.13943894389438943       0.0020300847274047004
0.1395889588958896        0.0020217342273807525
0.13973897389738973       0.0020134210082961407
0.1398889888988899        0.002005144878237314
0.14003900390039004       0.0019969056464468836
0.1401890189018902        0.001988703123315558
0.14033903390339034       0.001980537120374152
0.1404890489048905        0.001972407450285652
0.14063906390639064       0.0019643139268373556
0.1407890789078908        0.0019562563649330503
0.14093909390939094       0.0019482345805852896
0.14108910891089108       0.001940248390907693
0.14123912391239124       0.0019322976141073278
0.14138913891389138       0.0019243820694771559
0.14153915391539154       0.0019165015773885171
0.14168916891689168       0.0019086559592836976
0.14183918391839184       0.001900845037668534
0.14198919891989198       0.0018930686361050982
0.14213921392139214       0.0018853265792044126
0.14228922892289228       0.0018776186926192549
0.14243924392439244       0.001869944803036986
0.14258925892589258       0.0018623047381724604
0.14273927392739275       0.001854698326760974
0.14288928892889288       0.0018471253985512849
0.14303930393039305       0.0018395857842986633
0.14318931893189318       0.0018320793157580258
0.14333933393339335       0.0018246058256770942
0.14348934893489348       0.0018171651477896335
0.14363936393639365       0.0018097571168087185
0.14378937893789379       0.0018023815684200751
0.14393939393939395       0.001795038339275452
0.1440894089408941        0.0017877272669860644
0.14423942394239425       0.0017804481901160674
0.1443894389438944        0.0017732009481761031
0.14453945394539455       0.00176598538161687
0.1446894689468947        0.001758801331822775
0.14483948394839483       0.0017516486411055991
0.144989498949895         0.0017445271526982402
0.14513951395139513       0.0017374367107484928
0.1452895289528953        0.0017303771603128682
0.14543954395439543       0.0017233483473504817
0.1455895589558956        0.0017163501187169616
0.14573957395739573       0.0017093823221584297
0.1458895889588959        0.001702444806305508
0.14603960396039603       0.0016955374206673894
0.1461896189618962        0.0016886600156259298
0.14633963396339633       0.0016818124424298148
0.1464896489648965        0.0016749945531887435
0.14663966396639663       0.0016682062008676792
0.1467896789678968        0.0016614472392811224
0.14693969396939693       0.0016547175230874499
0.1470897089708971        0.001648016907783275
0.14723972397239724       0.001641345249697871
0.1473897389738974        0.0016347024059876155
0.14753975397539754       0.0016280882346305047
0.1476897689768977        0.0016215025944206721
0.14783978397839784       0.001614945344962989
0.147989798979898         0.0016084163466676747
0.14813981398139814       0.001601915460744964
0.1482898289828983        0.0015954425491998042
0.14843984398439844       0.0015889974748266077
0.14858985898589858       0.0015825801012040264
0.14873987398739874       0.0015761902926897707
0.14888988898889888       0.001569827914415483
0.14903990399039904       0.0015634928322816228
0.14918991899189918       0.001557184912952413
0.14933993399339934       0.0015509040238508088
0.14948994899489948       0.0015446500331535186
0.14963996399639964       0.0015384228097860442
0.14978997899789978       0.0015322222234177793
0.14993999399939995       0.0015260481444571215
0.15                      0.001523585906058368
